209.920	525.467
210.050	528.424
210.180	529.399
210.310	528.721
210.430	528.221
210.560	532.268
210.690	531.767
210.820	530.689
210.950	529.615
211.080	530.524
211.210	531.533
211.340	528.112
211.470	527.743
211.600	530.166
211.730	530.634
211.860	530.199
211.990	529.787
212.120	530.775
212.250	531.215
212.380	529.255
212.510	530.166
212.640	532.064
212.770	532.916
212.890	532.401
213.020	532.518
213.150	532.915
213.280	533.347
213.410	529.736
213.540	528.456
213.670	529.725
213.800	530.353
213.930	529.120
214.060	528.699
214.190	529.723
214.320	530.374
214.450	528.943
214.580	528.096
214.710	531.367
214.840	531.546
214.970	531.230
215.100	531.444
215.230	532.235
215.360	532.284
215.490	528.840
215.620	528.067
215.750	529.806
215.880	530.503
216.010	529.073
216.140	528.853
216.270	529.564
216.400	528.782
216.530	526.889
216.660	525.333
216.790	528.020
216.920	527.190
217.050	526.456
217.180	526.699
217.310	527.282
217.440	527.577
217.570	524.700
217.700	524.819
217.820	526.171
217.950	525.723
218.080	524.935
218.210	524.695
218.340	524.404
218.470	524.821
218.600	523.243
218.730	522.791
218.860	524.878
218.990	524.203
219.120	525.040
219.250	525.087
219.380	525.373
219.510	526.462
219.640	524.706
219.770	525.242
219.900	526.334
220.030	526.220
220.160	527.388
220.290	527.581
220.420	528.133
220.550	528.560
220.680	527.971
220.810	528.657
220.940	530.755
221.070	530.525
221.200	529.924
221.340	530.594
221.470	530.369
221.600	529.942
221.730	526.841
221.860	527.525
221.990	528.716
222.120	527.527
222.250	527.132
222.380	526.349
222.510	525.868
222.640	524.236
222.770	522.001
222.900	523.280
223.030	525.476
223.160	526.178
223.290	526.243
223.420	527.480
223.550	528.932
223.680	527.601
223.810	524.603
223.940	524.033
224.070	525.695
224.200	525.460
224.330	523.681
224.460	523.734
224.590	523.818
224.720	524.099
224.850	522.745
224.980	522.652
225.110	525.623
225.240	526.194
225.370	526.810
225.500	527.148
225.630	527.121
225.760	526.081
225.890	523.678
226.020	522.058
226.150	522.253
226.290	522.236
226.420	522.373
226.550	523.000
226.680	524.165
226.810	524.821
226.940	524.200
227.070	523.396
227.200	525.507
227.330	525.363
227.460	524.108
227.590	524.189
227.720	525.351
227.850	525.811
227.980	523.766
228.110	524.402
228.240	526.774
228.370	527.428
228.500	526.416
228.630	526.835
228.770	527.569
228.900	526.993
229.030	525.149
229.160	524.660
229.290	526.364
229.420	525.885
229.550	524.659
229.680	524.583
229.810	525.377
229.940	525.097
230.070	523.418
230.200	523.467
230.330	525.622
230.460	525.189
230.590	523.736
230.720	524.876
230.860	524.990
230.990	524.883
231.120	523.643
231.250	524.366
231.380	527.478
231.510	526.360
231.640	526.121
231.770	525.688
231.900	525.965
232.030	526.665
232.160	524.527
232.290	524.851
232.420	526.754
232.560	526.869
232.690	526.806
232.820	525.646
232.950	525.875
233.080	526.214
233.210	524.110
233.340	525.396
233.470	526.204
233.600	527.254
233.730	527.180
233.860	527.822
234.000	529.478
234.130	529.740
234.260	528.470
234.390	527.772
234.520	528.426
234.650	527.526
234.780	525.794
234.910	525.263
235.040	525.653
235.170	526.542
235.300	526.289
235.440	526.467
235.570	529.847
235.700	529.227
235.830	528.943
235.960	528.416
236.090	528.536
236.220	528.124
236.350	524.441
236.480	524.851
236.620	526.661
236.750	526.174
236.880	524.559
237.010	525.444
237.140	527.072
237.270	527.919
237.400	525.379
237.530	526.325
237.660	530.158
237.800	529.959
237.930	528.222
238.060	527.586
238.190	529.205
238.320	529.384
238.450	526.123
238.580	526.402
238.710	528.709
238.840	528.484
238.980	526.664
239.110	525.953
239.240	526.628
239.370	525.867
239.500	524.081
239.630	523.781
239.760	526.637
239.890	526.109
240.030	525.616
240.160	526.293
240.290	527.031
240.420	527.444
240.550	524.854
240.680	525.522
240.810	527.277
240.950	526.257
241.080	525.368
241.210	525.489
241.340	526.147
241.470	525.749
241.600	523.419
241.730	523.025
241.870	526.275
242.000	525.347
242.130	524.974
242.260	526.031
242.390	526.859
242.520	528.581
242.650	525.690
242.790	527.067
242.920	527.603
243.050	527.282
243.180	527.411
243.310	527.968
243.440	529.121
243.570	527.944
243.710	527.421
243.840	528.379
243.970	531.103
244.100	530.206
244.230	529.432
244.360	529.431
244.500	531.041
244.630	530.210
244.760	526.802
244.890	526.492
245.020	528.852
245.150	529.091
245.280	527.777
245.420	527.756
245.550	528.561
245.680	529.403
245.810	526.208
245.940	526.528
246.070	529.587
246.210	528.117
246.340	527.295
246.470	526.421
246.600	528.113
246.730	528.394
246.860	525.695
247.000	526.547
247.130	528.897
247.260	529.786
247.390	529.420
247.520	529.250
247.660	528.945
247.790	528.673
247.920	526.798
248.050	526.817
248.180	528.226
248.310	527.605
248.450	528.083
248.580	529.248
248.710	529.107
248.840	527.825
248.970	525.779
249.110	526.177
249.240	527.530
249.370	526.029
249.500	525.413
249.630	525.303
249.770	525.159
249.900	524.758
250.030	521.533
250.160	521.979
250.290	524.076
250.420	524.509
250.560	524.778
250.690	525.052
250.820	527.136
250.950	527.941
251.080	526.601
251.220	527.083
251.350	528.065
251.480	528.175
251.610	527.188
251.740	526.601
251.880	527.737
252.010	527.597
252.140	526.654
252.270	526.771
252.400	529.224
252.540	528.844
252.670	527.754
252.800	528.050
252.930	528.831
253.070	528.882
253.200	526.969
253.330	528.071
253.460	529.709
253.590	529.706
253.730	529.131
253.860	528.971
253.990	530.044
254.120	529.660
254.250	528.047
254.390	527.887
254.520	530.637
254.650	531.198
254.780	529.857
254.920	529.684
255.050	530.542
255.180	530.193
255.310	527.289
255.440	526.215
255.580	528.057
255.710	528.127
255.840	526.953
255.970	526.685
256.110	526.867
256.240	527.253
256.370	525.199
256.500	525.214
256.640	527.393
256.770	527.793
256.900	527.677
257.030	527.589
257.170	529.061
257.300	529.238
257.430	527.978
257.560	527.722
257.690	529.772
257.830	530.552
257.960	529.242
258.090	529.415
258.220	529.564
258.360	530.049
258.490	528.302
258.620	527.497
258.750	529.821
258.890	530.176
259.020	529.850
259.150	529.904
259.280	529.550
259.420	529.882
259.550	527.278
259.680	527.242
259.810	528.805
259.950	528.460
260.080	528.061
260.210	527.931
260.340	528.018
260.480	528.234
260.610	526.719
260.740	526.678
260.870	529.898
261.010	530.086
261.140	531.456
261.270	531.849
261.410	532.488
261.540	532.934
261.670	531.410
261.800	532.312
261.940	534.345
262.070	533.299
262.200	532.791
262.330	533.760
262.470	533.455
262.600	533.141
262.730	529.886
262.860	530.185
263.000	531.393
263.130	530.060
263.260	529.179
263.400	529.791
263.530	530.764
263.660	531.417
263.790	530.165
263.930	530.792
264.060	532.957
264.190	532.309
264.330	530.658
264.460	529.871
264.590	529.981
264.720	530.125
264.860	528.413
264.990	528.441
265.120	531.339
265.260	532.327
265.390	531.895
265.520	531.374
265.650	531.807
265.790	530.813
265.920	528.174
266.050	526.906
266.190	528.798
266.320	528.482
266.450	526.861
266.580	527.684
266.720	529.430
266.850	529.841
266.980	527.945
267.120	527.960
267.250	530.842
267.380	530.693
267.520	528.853
267.650	528.099
267.780	528.668
267.910	529.069
268.050	527.071
268.180	528.033
268.310	529.585
268.450	530.302
268.580	530.578
268.710	530.197
268.850	530.136
268.980	528.682
269.110	528.636
269.250	527.948
269.380	529.373
269.510	529.552
269.640	529.317
269.780	530.093
269.910	530.071
270.040	530.982
270.180	527.765
270.310	527.712
270.440	529.929
270.580	528.924
270.710	528.210
270.840	527.067
270.980	528.695
271.110	528.148
271.240	525.113
271.380	524.994
271.510	526.938
271.640	527.762
271.780	527.132
271.910	527.822
272.040	530.259
272.180	531.183
272.310	528.933
272.440	529.203
272.580	530.173
272.710	530.141
272.840	528.257
272.980	527.446
273.110	528.002
273.240	527.211
273.380	524.914
273.510	524.848
273.640	527.075
273.780	527.377
273.910	527.266
274.040	527.180
274.180	528.304
274.310	527.982
274.440	525.155
274.580	525.526
274.710	527.250
274.840	527.002
274.980	526.038
275.110	525.843
275.240	526.405
275.380	526.076
275.510	523.478
275.650	524.258
275.780	527.269
275.910	527.381
276.050	526.924
276.180	526.846
276.310	528.253
276.450	527.852
276.580	525.132
276.710	525.110
276.850	526.290
276.980	526.367
277.110	524.241
277.250	524.667
277.380	525.552
277.520	526.074
277.650	525.137
277.780	525.225
277.920	530.141
278.050	531.403
278.180	532.744
278.320	534.532
278.450	537.631
278.580	540.223
278.720	539.321
278.850	540.586
278.990	543.054
279.120	542.920
279.250	541.919
279.390	541.918
279.520	541.900
279.650	542.683
279.790	542.358
279.920	544.462
280.060	550.538
280.190	553.413
280.320	556.150
280.460	558.938
280.590	562.918
280.730	566.060
280.860	564.553
280.990	566.665
281.130	570.467
281.260	571.315
281.390	571.851
281.530	573.059
281.660	574.514
281.800	576.337
281.930	574.898
282.060	577.033
282.200	579.458
282.330	580.785
282.470	581.501
282.600	580.816
282.730	582.181
282.870	583.458
283.000	581.158
283.140	582.547
283.270	586.115
283.400	587.160
283.540	589.785
283.670	598.270
283.810	613.998
283.940	627.802
284.070	639.674
284.210	654.784
284.340	667.703
284.480	671.933
284.610	670.600
284.740	668.799
284.880	665.993
285.010	660.912
285.150	655.203
285.280	650.001
285.410	645.001
285.550	637.792
285.680	630.483
285.820	622.844
285.950	616.138
286.090	609.314
286.220	601.715
286.350	594.327
286.490	591.131
286.620	586.430
286.760	581.838
286.890	577.985
287.020	577.046
287.160	576.712
287.290	574.619
287.430	573.164
287.560	575.275
287.700	573.711
287.830	572.244
287.960	570.992
288.100	570.771
288.230	571.518
288.370	569.303
288.500	571.021
288.640	573.773
288.770	575.562
288.900	575.743
289.040	576.918
289.170	578.111
289.310	578.773
289.440	576.392
289.580	575.231
289.710	578.184
289.850	579.017
289.980	577.918
290.110	577.095
290.250	577.131
290.380	577.004
290.520	572.833
290.650	571.607
290.790	573.170
290.920	573.059
291.060	571.070
291.190	570.813
291.320	569.938
291.460	569.723
291.590	567.237
291.730	566.444
291.860	568.459
292.000	566.855
292.130	565.847
292.270	563.904
292.400	562.673
292.540	561.985
292.670	558.451
292.800	558.006
292.940	559.938
293.070	559.459
293.210	558.485
293.340	557.185
293.480	557.561
293.610	558.130
293.750	555.893
293.880	556.569
294.020	557.640
294.150	558.699
294.290	558.548
294.420	558.104
294.550	558.769
294.690	558.096
294.820	557.329
294.960	557.304
295.090	560.682
295.230	560.571
295.360	559.635
295.500	559.366
295.630	558.833
295.770	558.371
295.900	554.898
296.040	553.827
296.170	555.200
296.310	555.366
296.440	554.897
296.580	554.290
296.710	553.816
296.850	554.579
296.980	552.141
297.120	550.038
297.250	551.388
297.380	551.187
297.520	549.694
297.650	548.023
297.790	547.421
297.920	547.574
298.060	544.791
298.190	542.555
298.330	543.778
298.460	543.447
298.600	542.486
298.730	542.396
298.870	542.660
299.000	543.388
299.140	540.580
299.270	540.437
299.410	542.187
299.540	541.232
299.680	540.857
299.810	540.436
299.950	542.241
300.080	542.441
300.220	541.301
300.350	542.170
300.490	543.808
300.620	542.824
300.760	542.077
300.890	541.207
301.030	540.781
301.160	541.136
301.300	539.784
301.430	540.962
301.570	543.770
301.700	545.212
301.840	545.797
301.980	546.166
302.110	547.064
302.250	548.174
302.380	546.619
302.520	546.729
302.650	548.323
302.790	548.719
302.920	548.260
303.060	548.332
303.190	549.806
303.330	549.822
303.460	549.785
303.600	551.082
303.730	554.812
303.870	556.182
304.000	557.198
304.140	559.951
304.270	562.648
304.410	564.808
304.540	565.681
304.680	569.417
304.820	574.464
304.950	578.656
305.090	583.730
305.220	596.750
305.360	627.256
305.490	678.360
305.630	740.768
305.760	820.660
305.900	919.554
306.030	1015.300
306.170	1097.531
306.300	1155.338
306.440	1199.380
306.570	1223.728
306.710	1224.161
306.850	1221.413
306.980	1221.893
307.120	1227.698
307.250	1236.845
307.390	1254.310
307.520	1275.096
307.660	1297.576
307.790	1316.366
307.930	1343.018
308.070	1388.297
308.200	1442.378
308.340	1499.312
308.470	1554.325
308.610	1615.021
308.740	1665.730
308.880	1696.188
309.010	1713.516
309.150	1731.080
309.290	1747.103
309.420	1754.774
309.560	1750.233
309.690	1750.564
309.830	1747.359
309.960	1733.576
310.100	1707.537
310.230	1681.888
310.370	1665.093
310.510	1636.150
310.640	1599.868
310.780	1564.112
310.910	1543.056
311.050	1515.034
311.180	1479.656
311.320	1450.948
311.460	1435.055
311.590	1423.986
311.730	1400.689
311.860	1379.112
312.000	1369.045
312.130	1355.908
312.270	1332.558
312.410	1304.247
312.540	1282.170
312.680	1264.675
312.810	1242.114
312.950	1221.351
313.090	1201.751
313.220	1189.642
313.360	1176.412
313.490	1163.343
313.630	1151.391
313.760	1138.958
313.900	1132.568
314.040	1124.570
314.170	1120.239
314.310	1113.621
314.440	1110.196
314.580	1104.445
314.720	1095.725
314.850	1086.866
314.990	1080.359
315.120	1071.745
315.260	1060.122
315.400	1047.656
315.530	1035.032
315.670	1021.365
315.800	1004.020
315.940	987.972
316.080	971.977
316.210	958.624
316.350	942.223
316.480	923.511
316.620	910.073
316.760	897.928
316.890	882.987
317.030	866.538
317.160	853.613
317.300	843.740
317.440	829.346
317.570	814.793
317.710	804.894
317.840	798.453
317.980	790.602
318.120	782.463
318.250	774.337
318.390	767.341
318.520	760.636
318.660	752.980
318.800	746.851
318.930	742.404
319.070	734.992
319.210	728.878
319.340	722.328
319.480	716.959
319.610	711.096
319.750	704.450
319.890	700.783
320.020	695.229
320.160	689.538
320.300	682.563
320.430	679.515
320.570	676.921
320.700	674.242
320.840	670.653
320.980	666.299
321.110	664.312
321.250	660.112
321.390	655.729
321.520	653.064
321.660	651.665
321.790	650.171
321.930	645.822
322.070	640.432
322.200	638.169
322.340	634.551
322.480	629.813
322.610	626.199
322.750	623.706
322.890	622.440
323.020	617.601
323.160	612.623
323.300	611.170
323.430	606.894
323.570	603.730
323.700	602.038
323.840	602.296
323.980	607.157
324.110	610.783
324.250	617.046
324.390	621.184
324.520	622.206
324.660	622.298
324.800	619.138
324.930	614.334
325.070	609.287
325.210	604.297
325.340	601.087
325.480	598.931
325.620	595.512
325.750	592.729
325.890	590.178
326.030	587.794
326.160	585.186
326.300	581.418
326.440	578.509
326.570	577.817
326.710	577.939
326.850	580.506
326.980	582.263
327.120	583.539
327.260	584.888
327.390	582.376
327.530	579.825
327.670	576.972
327.800	573.327
327.940	570.244
328.080	567.186
328.210	566.341
328.350	564.088
328.490	560.008
328.620	559.261
328.760	559.444
328.900	557.477
329.030	555.162
329.170	554.232
329.310	552.934
329.440	550.732
329.580	547.903
329.720	546.851
329.850	549.068
329.990	548.317
330.130	548.361
330.260	548.364
330.400	548.542
330.540	549.223
330.680	545.455
330.810	544.768
330.950	545.914
331.090	545.682
331.220	544.922
331.360	544.140
331.500	545.393
331.630	545.432
331.770	543.143
331.910	543.503
332.040	546.492
332.180	545.833
332.320	544.955
332.460	545.284
332.590	546.042
332.730	545.928
332.870	543.513
333.000	545.557
333.140	547.948
333.280	548.244
333.410	547.881
333.550	548.222
333.690	548.350
333.830	547.586
333.960	545.253
334.100	545.645
334.240	548.151
334.370	548.326
334.510	548.842
334.650	550.711
334.790	551.970
334.920	552.464
335.060	550.910
335.200	551.391
335.330	555.113
335.470	556.832
335.610	559.183
335.750	561.612
335.880	565.512
336.020	568.941
336.160	568.525
336.300	569.916
336.430	574.500
336.570	576.009
336.710	575.217
336.840	574.033
336.980	572.980
337.120	570.185
337.260	564.075
337.390	559.508
337.530	557.826
337.670	554.252
337.810	551.477
337.940	549.176
338.080	546.294
338.220	544.511
338.350	540.546
338.490	538.882
338.630	538.965
338.770	536.227
338.900	534.794
339.040	533.083
339.180	534.250
339.320	533.393
339.450	529.832
339.590	529.068
339.730	531.093
339.870	530.112
340.000	527.482
340.140	527.553
340.280	528.137
340.420	528.480
340.550	525.024
340.690	525.789
340.830	529.089
340.970	529.920
341.100	529.264
341.240	530.426
341.380	531.917
341.520	532.629
341.650	529.196
341.790	528.385
341.930	530.805
342.070	529.539
342.200	528.078
342.340	527.973
342.480	529.507
342.620	529.927
342.750	528.757
342.890	529.695
343.030	533.442
343.170	533.521
343.300	533.658
343.440	533.497
343.580	533.647
343.720	533.433
343.860	531.251
343.990	530.908
344.130	532.031
344.270	531.734
344.410	529.978
344.540	530.164
344.680	529.247
344.820	529.132
344.960	526.778
345.090	526.763
345.230	529.844
345.370	529.042
345.510	529.033
345.650	530.169
345.780	532.332
345.920	532.538
346.060	529.847
346.200	530.420
346.340	532.628
346.470	531.497
346.610	530.866
346.750	531.096
346.890	533.182
347.020	533.834
347.160	532.643
347.300	533.666
347.440	536.011
347.580	536.767
347.710	536.293
347.850	536.734
347.990	538.061
348.130	539.251
348.270	536.201
348.400	536.767
348.540	538.365
348.680	538.650
348.820	537.930
348.960	536.847
349.090	538.096
349.230	538.135
349.370	536.823
349.510	537.676
349.650	540.462
349.780	540.890
349.920	540.981
350.060	540.839
350.200	541.277
350.340	540.086
350.470	536.979
350.610	537.106
350.750	538.126
350.890	537.407
351.030	536.264
351.160	536.826
351.300	537.266
351.440	536.626
351.580	534.817
351.720	535.464
351.860	538.027
351.990	537.573
352.130	538.228
352.270	539.719
352.410	541.037
352.550	542.017
352.680	540.361
352.820	541.824
352.960	543.769
353.100	544.437
353.240	544.637
353.380	544.930
353.510	545.145
353.650	544.456
353.790	542.082
353.930	540.896
354.070	541.983
354.210	540.997
354.340	540.201
354.480	540.805
354.620	541.326
354.760	541.892
354.900	540.147
355.040	540.252
355.170	542.193
355.310	541.401
355.450	540.453
355.590	539.831
355.730	539.321
355.870	539.227
356.000	538.285
356.140	538.693
356.280	542.978
356.420	543.418
356.560	544.827
356.700	546.900
356.830	549.065
356.970	551.163
357.110	549.343
357.250	550.645
357.390	553.292
357.530	551.592
357.670	549.549
357.800	547.138
357.940	545.874
358.080	543.368
358.220	538.656
358.360	536.835
358.500	537.852
358.640	536.308
358.770	534.638
358.910	533.135
359.050	533.143
359.190	532.825
359.330	528.459
359.470	528.164
359.610	528.757
359.740	528.959
359.880	527.197
360.020	525.812
360.160	526.853
360.300	526.334
360.440	524.296
360.580	523.845
360.710	525.704
360.850	526.821
360.990	526.373
361.130	526.940
361.270	527.353
361.410	528.290
361.550	526.943
361.690	527.209
361.820	528.930
361.960	528.602
362.100	527.880
362.240	527.115
362.380	527.631
362.520	527.042
362.660	524.252
362.800	523.902
362.940	526.904
363.070	526.994
363.210	525.172
363.350	525.457
363.490	526.703
363.630	526.612
363.770	523.785
363.910	524.366
364.050	526.375
364.180	525.813
364.320	524.868
364.460	524.092
364.600	523.874
364.740	522.966
364.880	521.283
365.020	521.235
365.160	524.886
365.300	526.904
365.440	527.470
365.570	528.280
365.710	530.180
365.850	531.193
365.990	527.766
366.130	526.699
366.270	529.065
366.410	528.291
366.550	527.210
366.690	526.757
366.830	527.975
366.960	527.364
367.100	524.782
367.240	525.217
367.380	528.027
367.520	527.997
367.660	527.117
367.800	527.876
367.940	528.249
368.080	529.151
368.220	527.081
368.360	526.752
368.490	528.546
368.630	528.407
368.770	528.994
368.910	527.716
369.050	527.274
369.190	528.231
369.330	526.938
369.470	527.487
369.610	527.977
369.750	528.064
369.890	527.727
370.030	527.181
370.170	527.358
370.300	527.592
370.440	526.184
370.580	527.204
370.720	529.874
370.860	530.474
371.000	531.530
371.140	531.624
371.280	532.355
371.420	531.996
371.560	530.080
371.700	530.262
371.840	531.520
371.980	531.619
372.120	531.262
372.260	531.149
372.390	532.028
372.530	532.043
372.670	529.737
372.810	529.674
372.950	530.421
373.090	529.919
373.230	529.545
373.370	528.691
373.510	529.905
373.650	528.635
373.790	528.390
373.930	528.760
374.070	530.007
374.210	529.882
374.350	529.579
374.490	531.102
374.630	531.539
374.770	532.746
374.910	531.232
375.040	532.318
375.180	534.549
375.320	534.571
375.460	533.911
375.600	533.180
375.740	533.348
375.880	531.951
376.020	528.342
376.160	527.594
376.300	529.910
376.440	529.240
376.580	528.476
376.720	528.806
376.860	529.711
377.000	529.222
377.140	526.423
377.280	526.985
377.420	529.395
377.560	530.031
377.700	528.460
377.840	529.390
377.980	530.206
378.120	529.889
378.260	527.352
378.400	527.054
378.540	530.690
378.680	529.681
378.820	530.261
378.960	530.685
379.100	530.806
379.230	531.011
379.370	527.559
379.510	528.547
379.650	529.755
379.790	529.507
379.930	529.235
380.070	529.146
380.210	531.063
380.350	531.164
380.490	529.565
380.630	529.407
380.770	532.504
380.910	532.609
381.050	532.159
381.190	531.768
381.330	531.559
381.470	531.445
381.610	527.595
381.750	526.720
381.890	525.981
382.030	524.791
382.170	523.548
382.310	522.821
382.450	524.251
382.590	524.172
382.730	523.989
382.870	525.507
383.010	528.158
383.150	528.634
383.290	527.933
383.430	529.093
383.570	529.448
383.710	529.133
383.850	526.249
383.990	526.241
384.130	528.324
384.270	527.654
384.410	527.500
384.550	526.879
384.690	528.254
384.830	527.792
384.970	525.598
385.110	525.639
385.250	528.515
385.390	528.809
385.530	528.723
385.670	529.835
385.810	531.547
385.950	531.921
386.090	529.503
386.240	529.403
386.380	530.583
386.520	530.751
386.660	528.524
386.800	527.678
386.940	526.822
387.080	526.651
387.220	525.166
387.360	524.113
387.500	527.057
387.640	527.283
387.780	527.224
387.920	527.795
388.060	528.179
388.200	527.985
388.340	525.779
388.480	526.206
388.620	527.677
388.760	526.830
388.900	525.743
389.040	525.776
389.180	526.230
389.320	526.123
389.460	525.246
389.600	525.829
389.740	528.428
389.880	528.841
390.020	528.242
390.160	527.981
390.300	528.556
390.450	528.341
390.590	526.760
390.730	527.289
390.870	529.712
391.010	529.769
391.150	528.579
391.290	529.201
391.430	530.086
391.570	529.568
391.710	526.509
391.850	525.804
391.990	528.206
392.130	527.343
392.270	526.075
392.410	525.867
392.550	527.072
392.690	528.160
392.830	526.665
392.970	527.031
393.120	529.463
393.260	529.836
393.400	529.896
393.540	530.081
393.680	530.864
393.820	530.940
393.960	529.392
394.100	529.416
394.240	531.845
394.380	531.596
394.520	530.099
394.660	530.750
394.800	530.473
394.940	529.924
395.080	527.622
395.230	527.679
395.370	529.223
395.510	528.338
395.650	528.071
395.790	528.930
395.930	528.586
396.070	527.923
396.210	526.332
396.350	526.676
396.490	529.450
396.630	528.806
396.770	528.444
396.920	529.019
397.060	529.981
397.200	530.055
397.340	526.891
397.480	527.345
397.620	529.099
397.760	528.706
397.900	527.563
398.040	527.337
398.180	528.568
398.320	527.943
398.460	526.020
398.610	525.830
398.750	527.818
398.890	527.589
399.030	525.609
399.170	526.197
399.310	527.904
399.450	527.402
399.590	524.809
399.730	524.902
399.870	526.038
400.020	525.350
400.160	523.800
400.300	524.582
400.440	524.970
400.580	524.604
400.720	523.310
400.860	523.160
401.000	524.766
401.140	524.374
401.290	525.228
401.430	524.703
401.570	526.439
401.710	526.974
401.850	525.447
401.990	525.299
402.130	526.988
402.270	527.722
402.410	526.530
402.560	526.635
402.700	528.043
402.840	529.083
402.980	527.183
403.120	527.916
403.260	531.606
403.400	531.357
403.540	529.786
403.690	529.950
403.830	531.483
403.970	531.707
404.110	528.617
404.250	528.468
404.390	531.693
404.530	531.406
404.670	530.099
404.820	529.062
404.960	528.875
405.100	528.612
405.240	525.360
405.380	524.964
405.520	526.534
405.660	526.559
405.800	525.884
405.950	525.791
406.090	526.285
406.230	525.841
406.370	524.224
406.510	524.730
406.650	527.170
406.790	527.886
406.940	527.641
407.080	528.014
407.220	528.440
407.360	528.323
407.500	525.655
407.640	525.543
407.780	527.543
407.930	528.155
408.070	527.511
408.210	528.037
408.350	530.563
408.490	531.046
408.630	529.665
408.770	529.866
408.920	531.989
409.060	531.521
409.200	530.008
409.340	529.732
409.480	529.729
409.620	529.616
409.770	527.955
409.910	528.675
410.050	531.041
410.190	530.506
410.330	530.758
410.470	530.561
410.620	530.541
410.760	529.125
410.900	526.401
411.040	526.723
411.180	527.275
411.320	526.588
411.470	525.086
411.610	525.080
411.750	525.930
411.890	526.466
412.030	524.718
412.170	525.296
412.320	528.185
412.460	529.031
412.600	527.957
412.740	526.674
412.880	527.338
413.020	526.965
413.170	524.500
413.310	523.888
413.450	525.356
413.590	525.452
413.730	524.113
413.880	523.180
414.020	523.587
414.160	522.783
414.300	520.764
414.440	521.387
414.580	524.071
414.730	524.130
414.870	523.225
415.010	524.142
415.150	525.337
415.290	524.827
415.440	523.013
415.580	523.757
415.720	526.054
415.860	525.336
416.000	525.016
416.150	524.996
416.290	524.864
416.430	523.982
416.570	521.783
416.710	521.253
416.860	523.122
417.000	522.692
417.140	521.956
417.280	522.949
417.420	523.533
417.570	524.190
417.710	520.882
417.850	521.049
417.990	522.004
418.130	520.853
418.280	520.274
418.420	520.230
418.560	521.388
418.700	522.396
418.840	521.776
418.990	523.065
419.130	526.451
419.270	527.459
419.410	528.695
419.560	528.604
419.700	529.913
419.840	529.600
419.980	527.271
420.120	526.803
420.270	527.681
420.410	527.088
420.550	526.176
420.690	525.980
420.840	525.834
420.980	525.398
421.120	522.348
421.260	521.883
421.400	523.889
421.550	524.070
421.690	524.443
421.830	524.421
421.970	526.324
422.120	527.173
422.260	524.639
422.400	524.832
422.540	525.325
422.690	525.499
422.830	523.836
422.970	524.282
423.110	525.061
423.250	525.882
423.400	524.969
423.540	526.366
423.680	528.922
423.820	529.098
423.970	528.790
424.110	527.549
424.250	528.442
424.390	527.248
424.540	524.954
424.680	523.791
424.820	524.974
424.960	524.858
425.110	523.186
425.250	522.453
425.390	522.516
425.530	523.007
425.680	520.642
425.820	520.114
425.960	522.643
426.100	523.439
426.250	523.549
426.390	523.489
426.530	525.072
426.670	525.487
426.820	523.497
426.960	522.093
427.100	522.921
427.240	522.464
427.390	521.729
427.530	521.961
427.670	522.439
427.820	523.212
427.960	522.465
428.100	523.319
428.240	524.897
428.390	524.629
428.530	522.927
428.670	523.910
428.810	525.147
428.960	525.386
429.100	523.625
429.240	524.043
429.380	527.358
429.530	526.598
429.670	525.414
429.810	524.724
429.960	525.219
430.100	524.628
430.240	522.599
430.380	522.940
430.530	523.834
430.670	522.760
430.810	522.812
430.960	523.090
431.100	523.362
431.240	522.223
431.380	521.129
431.530	521.472
431.670	522.549
431.810	522.672
431.960	522.077
432.100	523.774
432.240	523.011
432.380	522.919
432.530	520.755
432.670	519.696
432.810	522.262
432.960	520.261
433.100	519.811
433.240	520.198
433.380	521.155
433.530	522.331
433.670	518.816
433.810	519.508
433.960	522.751
434.100	523.102
434.240	521.712
434.390	521.431
434.530	523.544
434.670	524.544
434.810	522.052
434.960	521.699
435.100	525.393
435.240	525.721
435.390	524.361
435.530	523.268
435.670	523.687
435.820	523.724
435.960	520.832
436.100	520.350
436.250	520.847
436.390	521.013
436.530	520.441
436.680	519.691
436.820	520.610
436.960	520.293
437.100	519.207
437.250	519.328
437.390	521.785
437.530	522.865
437.680	522.147
437.820	522.041
437.960	522.685
438.110	523.376
438.250	520.948
438.390	520.350
438.540	522.829
438.680	523.504
438.820	522.666
438.970	523.144
439.110	524.129
439.250	525.101
439.400	522.869
439.540	522.420
439.680	525.383
439.830	524.099
439.970	524.223
440.110	522.569
440.260	523.168
440.400	522.941
440.540	520.875
440.690	521.501
440.830	521.394
440.970	522.646
441.120	521.237
441.260	521.637
441.400	522.351
441.550	521.865
441.690	521.653
441.830	521.508
441.980	524.225
442.120	524.371
442.260	522.987
442.410	523.447
442.550	523.564
442.690	523.147
442.840	520.639
442.980	521.079
443.130	523.072
443.270	522.310
443.410	521.119
443.560	520.886
443.700	521.823
443.840	521.546
443.990	519.535
444.130	519.298
444.270	521.859
444.420	521.617
444.560	520.679
444.700	520.008
444.850	520.389
444.990	520.112
445.140	518.181
445.280	518.475
445.420	519.372
445.570	518.750
445.710	518.691
445.850	519.715
446.000	519.663
446.140	519.640
446.290	518.410
446.430	518.704
446.570	521.138
446.720	520.279
446.860	520.002
447.000	519.916
447.150	520.943
447.290	521.816
447.440	519.051
447.580	519.526
447.720	522.081
447.870	522.747
448.010	521.621
448.150	521.748
448.300	522.741
448.440	522.311
448.590	519.035
448.730	518.990
448.870	522.405
449.020	522.101
449.160	520.993
449.300	521.094
449.450	522.445
449.590	522.476
449.740	519.337
449.880	519.212
450.020	521.828
450.170	522.088
450.310	520.455
450.460	519.660
450.600	519.388
450.740	518.882
450.890	515.751
451.030	515.323
451.180	517.353
451.320	516.724
451.460	516.976
451.610	517.350
451.750	518.683
451.900	519.231
452.040	518.027
452.180	519.134
452.330	520.420
452.470	520.400
452.620	519.582
452.760	519.364
452.900	519.597
453.050	518.707
453.190	516.554
453.340	515.344
453.480	517.409
453.630	516.773
453.770	516.017
453.910	517.075
454.060	518.771
454.200	519.275
454.350	516.641
454.490	516.789
454.630	518.108
454.780	517.280
454.920	515.580
455.070	515.768
455.210	517.570
455.360	518.163
455.500	518.143
455.640	517.837
455.790	521.287
455.930	522.335
456.080	521.413
456.220	521.338
456.370	522.541
456.510	523.421
456.650	520.194
456.800	519.881
456.940	522.569
457.090	522.709
457.230	519.868
457.380	520.353
457.520	521.807
457.660	521.495
457.810	518.515
457.950	518.275
458.100	521.681
458.240	520.807
458.390	520.000
458.530	520.083
458.680	521.453
458.820	520.992
458.960	518.933
459.110	518.452
459.250	520.213
459.400	520.865
459.540	518.955
459.690	519.192
459.830	519.291
459.980	520.000
460.120	519.163
460.260	518.467
460.410	522.491
460.550	523.919
460.700	523.782
460.840	524.006
460.990	524.272
461.130	524.618
461.280	521.685
461.420	520.417
461.570	521.811
461.710	520.678
461.850	519.492
462.000	519.032
462.140	519.476
462.290	519.642
462.430	517.899
462.580	518.515
462.720	519.802
462.870	519.620
463.010	518.188
463.160	518.188
463.300	518.898
463.450	518.759
463.590	517.631
463.740	518.052
463.880	521.063
464.020	520.822
464.170	520.143
464.310	520.248
464.460	520.708
464.600	520.951
464.750	518.359
464.890	518.270
465.040	520.829
465.180	521.075
465.330	520.691
465.470	520.769
465.620	522.510
465.760	523.145
465.910	521.451
466.050	522.672
466.200	525.750
466.340	525.721
466.490	525.498
466.630	526.229
466.780	526.519
466.920	526.062
467.070	523.661
467.210	524.444
467.360	526.501
467.500	525.780
467.650	524.893
467.790	524.484
467.940	524.239
468.080	523.162
468.230	519.504
468.370	519.342
468.520	521.148
468.660	520.731
468.810	519.727
468.950	519.603
469.100	520.375
469.240	520.081
469.390	517.563
469.530	517.264
469.680	520.169
469.820	519.973
469.970	519.061
470.110	518.123
470.260	518.719
470.400	518.074
470.550	515.438
470.690	514.162
470.840	516.269
470.980	516.434
471.130	515.991
471.270	515.393
471.420	515.508
471.560	516.547
471.710	514.354
471.850	514.322
472.000	516.460
472.140	518.305
472.290	518.711
472.430	518.891
472.580	520.035
472.720	520.889
472.870	519.211
473.010	519.888
473.160	520.527
473.300	521.346
473.450	521.179
473.590	521.031
473.740	521.370
473.890	521.652
474.030	521.485
474.180	521.440
474.320	523.398
474.470	524.035
474.610	523.234
474.760	523.069
474.900	522.951
475.050	522.145
475.190	519.625
475.340	519.469
475.480	521.361
475.630	520.953
475.770	519.869
475.920	520.231
476.070	521.266
476.210	520.719
476.360	519.825
476.500	519.248
476.650	522.053
476.790	523.887
476.940	523.305
477.080	523.430
477.230	523.239
477.370	523.295
477.520	522.035
477.670	521.531
477.810	523.411
477.960	523.287
478.100	523.052
478.250	523.307
478.390	522.285
478.540	520.874
478.680	518.052
478.830	517.836
478.980	519.208
479.120	518.861
479.270	518.583
479.410	518.541
479.560	518.828
479.700	519.637
479.850	517.483
479.990	517.116
480.140	519.817
480.290	519.334
480.430	519.044
480.580	519.143
480.720	519.323
480.870	520.429
481.010	517.346
481.160	517.735
481.310	520.193
481.450	519.880
481.600	520.053
481.740	518.984
481.890	520.807
482.030	520.205
482.180	518.096
482.330	518.447
482.470	519.218
482.620	519.908
482.760	517.126
482.910	517.874
483.060	518.687
483.200	518.334
483.350	516.897
483.490	516.619
483.640	520.527
483.780	520.517
483.930	520.384
484.080	520.146
484.220	520.711
484.370	521.171
484.510	519.069
484.660	519.638
484.810	522.634
484.950	524.040
485.100	524.878
485.240	525.532
485.390	526.778
485.540	527.383
485.680	524.784
485.830	524.155
485.970	526.714
486.120	526.320
486.270	524.855
486.410	524.414
486.560	525.087
486.700	525.691
486.850	523.602
487.000	523.589
487.140	525.783
487.290	526.091
487.430	524.525
487.580	523.814
487.730	523.706
487.870	523.142
488.020	520.817
488.160	519.849
488.310	521.474
488.460	521.326
488.600	520.660
488.750	520.119
488.890	520.741
489.040	520.830
489.190	519.679
489.330	518.580
489.480	520.230
489.630	520.098
489.770	519.345
489.920	519.288
490.060	519.182
490.210	519.867
490.360	517.418
490.500	518.043
490.650	520.738
490.790	520.825
490.940	520.532
491.090	519.919
491.230	521.416
491.380	520.928
491.530	518.908
491.670	518.964
491.820	519.608
491.970	520.248
492.110	518.619
492.260	518.401
492.400	518.603
492.550	518.305
492.700	517.574
492.840	516.826
492.990	519.562
493.140	520.367
493.280	519.550
493.430	520.391
493.580	520.942
493.720	521.170
493.870	519.052
494.010	518.544
494.160	522.242
494.310	521.138
494.450	519.798
494.600	519.977
494.750	520.042
494.890	519.835
495.040	515.991
495.190	517.029
495.330	521.412
495.480	521.837
495.630	521.385
495.770	522.127
495.920	523.885
496.070	523.755
496.210	519.305
496.360	519.250
496.510	520.097
496.650	519.163
496.800	516.457
496.940	515.054
497.090	515.627
497.240	515.996
497.380	515.039
497.530	515.008
497.680	518.440
497.820	519.071
497.970	518.923
498.120	518.714
498.260	519.039
498.410	519.586
498.560	516.720
498.700	516.566
498.850	518.169
499.000	518.028
499.140	518.056
499.290	518.026
499.440	519.237
499.590	520.274
499.730	518.956
499.880	519.097
500.030	521.265
500.170	521.055
500.320	520.778
500.470	519.893
500.610	520.733
500.760	520.255
500.910	517.648
501.050	517.723
501.200	518.548
501.350	518.004
501.490	516.473
501.640	515.957
501.790	516.404
501.930	515.886
502.080	513.915
502.230	514.761
502.370	517.421
502.520	517.711
502.670	517.576
502.820	518.731
502.960	520.273
503.110	520.603
503.260	518.967
503.400	519.726
503.550	521.685
503.700	521.286
503.840	520.172
503.990	519.893
504.140	520.581
504.290	520.153
504.430	518.123
504.580	518.367
504.730	521.138
504.870	521.225
505.020	520.348
505.170	520.332
505.310	520.868
505.460	520.268
505.610	517.192
505.760	517.434
505.900	519.151
506.050	518.351
506.200	517.928
506.340	518.288
506.490	519.229
506.640	518.565
506.790	515.931
506.930	515.860
507.080	517.698
507.230	517.055
507.370	516.306
507.520	516.547
507.670	518.093
507.820	519.814
507.960	517.223
508.110	516.513
508.260	519.267
508.400	518.997
508.550	518.077
508.700	516.408
508.850	517.265
508.990	518.316
509.140	515.109
509.290	515.262
509.440	518.104
509.580	518.311
509.730	518.954
509.880	519.444
510.030	521.314
510.170	521.161
510.320	518.257
510.470	518.623
510.610	519.080
510.760	518.423
510.910	516.609
511.060	516.485
511.200	517.775
511.350	517.934
511.500	515.837
511.650	515.638
511.790	518.434
511.940	517.839
512.090	516.895
512.240	516.229
512.380	518.049
512.530	518.824
512.680	515.675
512.830	515.767
512.970	518.791
513.120	519.508
513.270	518.554
513.420	518.181
513.560	520.793
513.710	521.770
513.860	518.807
514.010	518.547
514.150	521.022
514.300	520.853
514.450	519.060
514.600	518.827
514.740	519.148
514.890	519.209
515.040	516.368
515.190	516.856
515.330	518.571
515.480	517.337
515.630	517.454
515.780	517.527
515.930	518.454
516.070	518.745
516.220	517.363
516.370	518.649
516.520	519.607
516.660	519.531
516.810	519.021
516.960	518.305
517.110	518.964
517.250	518.540
517.400	516.854
517.550	517.329
517.700	520.264
517.850	519.648
517.990	518.799
518.140	519.555
518.290	519.692
518.440	518.988
518.580	516.307
518.730	517.167
518.880	519.644
519.030	519.207
519.180	518.145
519.320	519.357
519.470	519.124
519.620	519.726
519.770	517.090
519.920	517.063
520.060	519.538
520.210	518.641
520.360	518.162
520.510	517.884
520.650	519.599
520.800	519.578
520.950	518.099
521.100	518.204
521.250	521.046
521.390	520.968
521.540	518.832
521.690	518.571
521.840	519.012
521.990	518.539
522.130	515.248
522.280	515.095
522.430	517.815
522.580	517.562
522.730	517.095
522.870	516.355
523.020	517.919
523.170	517.532
523.320	515.353
523.470	515.003
523.620	517.670
523.760	518.334
523.910	517.259
524.060	517.355
524.210	518.017
524.360	519.075
524.500	516.400
524.650	517.133
524.800	519.378
524.950	519.152
525.100	518.759
525.240	518.516
525.390	518.601
525.540	517.778
525.690	515.096
525.840	514.668
525.990	516.405
526.130	515.829
526.280	514.179
526.430	513.493
526.580	514.590
526.730	514.725
526.880	512.174
527.020	512.302
527.170	514.847
527.320	515.605
527.470	515.491
527.620	515.185
527.770	516.341
527.910	516.140
528.060	515.530
528.210	515.793
528.360	516.995
528.510	519.348
528.660	518.677
528.800	518.800
528.950	519.151
529.100	519.096
529.250	517.530
529.400	516.380
529.550	517.124
529.690	517.299
529.840	515.725
529.990	515.030
530.140	517.242
530.290	516.275
530.440	516.310
530.580	516.777
530.730	520.010
530.880	520.929
531.030	518.638
531.180	519.843
531.330	520.070
531.480	520.146
531.620	517.881
531.770	517.782
531.920	519.481
532.070	518.801
532.220	518.032
532.370	517.687
532.520	518.279
532.660	518.068
532.810	516.433
532.960	516.197
533.110	518.058
533.260	518.385
533.410	517.160
533.560	516.972
533.710	518.622
533.850	518.617
534.000	516.902
534.150	516.401
534.300	519.369
534.450	519.089
534.600	517.203
534.750	517.291
534.890	517.294
535.040	517.661
535.190	514.821
535.340	515.344
535.490	516.833
535.640	516.423
535.790	515.741
535.940	515.539
536.080	516.458
536.230	515.704
536.380	513.783
536.530	514.155
536.680	516.131
536.830	514.739
536.980	513.657
537.130	513.960
537.280	514.838
537.420	514.616
537.570	512.418
537.720	513.349
537.870	515.892
538.020	515.961
538.170	515.098
538.320	515.208
538.470	516.454
538.620	517.145
538.760	515.235
538.910	516.023
539.060	517.077
539.210	517.670
539.360	516.800
539.510	517.104
539.660	518.696
539.810	518.165
539.960	518.054
540.110	518.500
540.250	521.667
540.400	520.968
540.550	519.499
540.700	519.831
540.850	520.633
541.000	520.186
541.150	516.869
541.300	516.425
541.450	517.878
541.600	518.209
541.740	516.400
541.890	517.145
542.040	517.650
542.190	517.868
542.340	515.584
542.490	514.731
542.640	517.392
542.790	516.479
542.940	516.342
543.090	516.568
543.240	518.577
543.390	518.918
543.530	516.478
543.680	516.481
543.830	518.600
543.980	518.564
544.130	516.566
544.280	515.724
544.430	515.838
544.580	515.087
544.730	512.420
544.880	512.175
545.030	514.772
545.180	514.954
545.330	515.199
545.480	515.315
545.620	515.913
545.770	515.709
545.920	513.250
546.070	513.566
546.220	515.076
546.370	514.899
546.520	513.684
546.670	513.747
546.820	513.954
546.970	513.483
547.120	511.943
547.270	511.635
547.420	514.814
547.570	514.339
547.720	514.013
547.870	514.475
548.010	514.873
548.160	515.458
548.310	512.480
548.460	513.486
548.610	514.970
548.760	515.446
548.910	515.385
549.060	515.996
549.210	517.800
549.360	517.242
549.510	515.787
549.660	515.669
549.810	517.696
549.960	517.209
550.110	516.655
550.260	517.990
550.410	520.058
550.560	520.256
550.710	517.845
550.860	518.345
551.010	520.586
551.160	519.885
551.300	518.052
551.450	518.493
551.600	520.381
551.750	520.134
551.900	517.944
552.050	518.605
552.200	521.790
552.350	521.786
552.500	520.629
552.650	521.161
552.800	521.967
552.950	521.314
553.100	517.342
553.250	516.650
553.400	517.470
553.550	516.789
553.700	515.468
553.850	515.564
554.000	516.652
554.150	516.791
554.300	515.256
554.450	514.315
554.600	516.084
554.750	516.040
554.900	515.780
555.050	515.557
555.200	516.331
555.350	517.525
555.500	515.709
555.650	514.919
555.800	517.371
555.950	517.944
556.100	517.345
556.250	516.991
556.400	518.235
556.550	519.007
556.700	517.316
556.850	517.501
557.000	520.246
557.150	521.092
557.300	519.749
557.450	519.052
557.600	519.021
557.750	518.416
557.900	515.475
558.050	515.000
558.200	516.132
558.350	516.051
558.500	515.799
558.650	515.868
558.800	517.181
558.950	516.510
559.100	516.004
559.250	516.931
559.400	518.937
559.550	519.152
559.700	518.496
559.850	519.341
560.000	520.216
560.150	519.266
560.300	516.363
560.450	516.130
560.600	517.219
560.750	517.018
560.900	516.850
561.050	518.227
561.200	519.300
561.350	519.563
561.500	518.855
561.650	518.343
561.800	520.097
561.950	518.909
562.100	518.864
562.250	519.216
562.400	519.090
562.550	520.856
562.700	517.487
562.850	518.829
563.000	520.289
563.150	519.392
563.300	518.779
563.450	518.193
563.600	518.737
563.750	517.885
563.900	515.634
564.050	516.311
564.200	518.575
564.350	517.462
564.500	516.506
564.660	516.963
564.810	518.663
564.960	517.218
565.110	515.234
565.260	515.208
565.410	518.050
565.560	517.980
565.710	516.624
565.860	516.979
566.010	517.867
566.160	518.472
566.310	516.227
566.460	515.535
566.610	518.904
566.760	519.020
566.910	518.211
567.060	518.019
567.210	519.296
567.360	520.377
567.510	517.014
567.660	518.190
567.810	518.927
567.970	519.134
568.120	518.324
568.270	517.096
568.420	517.833
568.570	517.211
568.720	516.172
568.870	516.484
569.020	520.421
569.170	523.264
569.320	524.029
569.470	525.345
569.620	527.384
569.770	527.947
569.920	525.264
570.070	523.589
570.220	525.655
570.380	524.376
570.530	523.578
570.680	523.100
570.830	523.463
570.980	522.777
571.130	519.409
571.280	519.471
571.430	521.367
571.580	521.242
571.730	519.450
571.880	519.804
572.030	520.942
572.180	521.035
572.340	518.011
572.490	518.318
572.640	521.281
572.790	521.232
572.940	520.183
573.090	520.041
573.240	520.557
573.390	520.278
573.540	516.875
573.690	515.925
573.840	517.416
573.990	516.587
574.150	515.925
574.300	514.714
574.450	515.267
574.600	515.099
574.750	513.031
574.900	512.810
575.050	514.051
575.200	514.519
575.350	514.568
575.500	514.940
575.650	516.210
575.810	517.950
575.960	516.156
576.110	516.159
576.260	518.529
576.410	518.893
576.560	517.883
576.710	517.095
576.860	517.990
577.010	518.279
577.160	516.062
577.320	516.372
577.470	518.460
577.620	518.402
577.770	517.834
577.920	517.537
578.070	518.677
578.220	518.613
578.370	517.155
578.520	517.527
578.680	520.822
578.830	521.337
578.980	520.183
579.130	520.082
579.280	520.036
579.430	520.593
579.580	518.234
579.730	519.151
579.890	521.013
580.040	521.531
580.190	521.508
580.340	520.786
580.490	520.611
580.640	520.051
580.790	518.213
580.940	517.765
581.100	520.472
581.250	520.041
581.400	519.071
581.550	518.162
581.700	519.295
581.850	519.967
582.000	516.926
582.150	518.063
582.310	521.226
582.460	522.194
582.610	521.285
582.760	520.681
582.910	521.274
583.060	520.728
583.210	517.398
583.370	517.130
583.520	518.900
583.670	519.160
583.820	517.871
583.970	518.089
584.120	518.692
584.270	518.436
584.430	515.373
584.580	514.962
584.730	517.722
584.880	517.056
585.030	516.753
585.180	516.306
585.330	517.725
585.490	517.601
585.640	514.923
585.790	515.164
585.940	518.920
586.090	519.216
586.240	518.737
586.390	520.478
586.550	522.871
586.700	523.790
586.850	521.635
587.000	523.957
587.150	532.120
587.300	561.804
587.460	624.958
587.610	699.073
587.760	772.867
587.910	852.837
588.060	940.703
588.210	1008.247
588.370	1037.393
588.520	1048.070
588.670	1053.369
588.820	1047.661
588.970	1022.105
589.120	988.856
589.280	954.697
589.430	926.061
589.580	900.757
589.730	872.515
589.880	846.848
590.030	823.836
590.190	802.803
590.340	782.334
590.490	759.359
590.640	742.903
590.790	730.802
590.950	715.508
591.100	701.229
591.250	688.664
591.400	683.549
591.550	676.696
591.700	664.531
591.860	656.271
592.010	650.670
592.160	642.426
592.310	627.933
592.460	613.370
592.620	601.918
592.770	589.940
592.920	576.515
593.070	564.793
593.220	557.217
593.380	549.085
593.530	541.764
593.680	536.145
593.830	532.657
593.980	529.920
594.140	524.965
594.290	522.935
594.440	523.358
594.590	522.430
594.740	520.282
594.900	518.811
595.050	519.271
595.200	518.894
595.350	516.815
595.500	515.706
595.660	517.834
595.810	516.807
595.960	515.321
596.110	514.573
596.260	513.915
596.420	513.685
596.570	510.975
596.720	510.740
596.870	511.758
597.020	511.722
597.180	511.966
597.330	511.894
597.480	511.320
597.630	510.922
597.790	510.498
597.940	511.158
598.090	513.492
598.240	513.363
598.390	513.860
598.550	515.515
598.700	515.310
598.850	515.002
599.000	511.831
599.160	512.653
599.310	515.205
599.460	514.910
599.610	514.852
599.760	515.322
599.920	517.523
600.070	517.588
600.220	515.792
600.370	515.745
600.530	520.242
600.680	519.782
600.830	518.624
600.980	519.231
601.140	519.268
601.290	519.312
601.440	514.381
601.590	515.022
601.750	515.338
601.900	513.259
602.050	510.988
602.200	511.624
602.360	512.180
602.510	511.432
602.660	510.344
602.810	510.629
602.960	513.677
603.120	513.126
603.270	512.450
603.420	512.642
603.570	513.326
603.730	513.373
603.880	511.501
604.030	512.325
604.180	515.098
604.340	513.860
604.490	513.413
604.640	514.393
604.800	514.799
604.950	513.363
605.100	511.155
605.250	512.135
605.410	513.655
605.560	513.404
605.710	513.142
605.860	513.502
606.020	513.544
606.170	514.026
606.320	511.614
606.470	511.420
606.630	513.048
606.780	512.916
606.930	511.804
607.080	510.855
607.240	510.952
607.390	510.614
607.540	508.173
607.700	508.307
607.850	512.407
608.000	513.376
608.150	513.356
608.310	512.853
608.460	513.787
608.610	514.067
608.760	510.973
608.920	510.546
609.070	513.417
609.220	514.471
609.380	514.569
609.530	513.871
609.680	514.635
609.830	515.006
609.990	512.123
610.140	512.770
610.290	515.551
610.450	516.616
610.600	515.931
610.750	516.342
610.900	518.713
611.060	519.159
611.210	517.111
611.360	518.188
611.520	522.608
611.670	524.001
611.820	523.525
611.970	524.751
612.130	525.687
612.280	526.130
612.430	523.913
612.590	524.200
612.740	527.758
612.890	527.124
613.050	526.909
613.200	526.537
613.350	527.288
613.500	526.772
613.660	523.499
613.810	523.246
613.960	525.330
614.120	524.701
614.270	522.945
614.420	523.028
614.580	522.786
614.730	522.542
614.880	519.992
615.040	520.984
615.190	524.205
615.340	523.783
615.500	523.694
615.650	525.215
615.800	526.070
615.950	526.690
616.110	524.064
616.260	524.692
616.410	526.944
616.570	526.416
616.720	526.718
616.870	527.223
617.030	529.737
617.180	529.952
617.330	529.707
617.490	529.659
617.640	532.366
617.790	531.966
617.950	530.809
618.100	531.743
618.250	531.957
618.410	533.540
618.560	531.740
618.710	531.852
618.870	533.761
619.020	533.510
619.170	532.734
619.330	532.493
619.480	533.173
619.630	534.623
619.790	532.303
619.940	533.364
620.090	536.658
620.250	536.157
620.400	534.204
620.550	531.759
620.710	531.787
620.860	529.963
621.010	526.893
621.170	525.496
621.320	527.138
621.470	526.725
621.630	525.576
621.780	525.036
621.930	524.664
622.090	525.364
622.240	523.369
622.400	523.679
622.550	525.385
622.700	525.231
622.860	524.734
623.010	524.567
623.160	525.793
623.320	524.359
623.470	523.423
623.620	522.712
623.780	523.934
623.930	523.258
624.080	522.150
624.240	523.413
624.390	523.142
624.550	524.255
624.700	523.279
624.850	523.121
625.010	525.426
625.160	525.434
625.310	525.430
625.470	524.771
625.620	524.060
625.770	524.086
625.930	521.579
626.080	520.116
626.240	520.160
626.390	519.619
626.540	519.060
626.700	518.364
626.850	518.768
627.000	519.755
627.160	518.250
627.310	518.367
627.470	519.942
627.620	519.917
627.770	519.105
627.930	519.039
628.080	519.029
628.230	519.373
628.390	517.674
628.540	517.634
628.700	520.369
628.850	519.443
629.000	519.855
629.160	519.527
629.310	520.101
629.470	520.423
629.620	518.617
629.770	518.978
629.930	520.835
630.080	519.496
630.240	518.733
630.390	518.910
630.540	518.806
630.700	518.668
630.850	516.373
631.010	517.086
631.160	518.741
631.310	517.917
631.470	516.958
631.620	517.550
631.780	518.251
631.930	518.154
632.080	516.486
632.240	516.086
632.390	517.761
632.550	517.273
632.700	516.081
632.850	516.527
633.010	517.535
633.160	518.213
633.320	515.547
633.470	515.235
633.620	517.977
633.780	516.852
633.930	515.110
634.090	515.956
634.240	516.745
634.390	517.530
634.550	515.120
634.700	515.049
634.860	517.654
635.010	516.251
635.170	516.934
635.320	515.983
635.470	516.832
635.630	517.368
635.780	515.350
635.940	514.991
636.090	514.924
636.250	515.332
636.400	513.588
636.550	514.155
636.710	514.628
636.860	515.193
637.020	514.460
637.170	513.502
637.330	516.454
637.480	516.022
637.630	514.859
637.790	514.484
637.940	515.543
638.100	516.057
638.250	514.080
638.410	513.515
638.560	516.304
638.710	516.730
638.870	516.346
639.020	517.082
639.180	518.332
639.330	520.064
639.490	518.338
639.640	519.595
639.800	521.602
639.950	522.034
640.100	520.913
640.260	521.022
640.410	522.104
640.570	521.745
640.720	519.436
640.880	518.738
641.030	520.650
641.190	519.625
641.340	518.335
641.500	517.923
641.650	517.924
641.800	518.172
641.960	515.519
642.110	515.233
642.270	517.227
642.420	516.251
642.580	516.516
642.730	516.102
642.890	517.079
643.040	516.802
643.200	514.212
643.350	514.448
643.500	514.926
643.660	515.042
643.810	514.329
643.970	514.212
644.120	515.547
644.280	515.700
644.430	513.859
644.590	513.078
644.740	515.164
644.900	515.622
645.050	514.435
645.210	514.578
645.360	514.619
645.520	514.518
645.670	512.301
645.830	512.362
645.980	513.962
646.140	513.742
646.290	513.439
646.440	513.591
646.600	514.212
646.750	513.986
646.910	512.296
647.060	511.129
647.220	513.747
647.370	513.816
647.530	513.410
647.680	513.697
647.840	514.983
647.990	516.295
648.150	514.336
648.300	513.916
648.460	515.208
648.610	515.092
648.770	513.187
648.920	512.341
649.080	511.771
649.230	512.393
649.390	510.633
649.540	509.839
649.700	512.371
649.850	513.221
650.010	514.674
650.160	514.593
650.320	515.538
650.470	516.235
650.630	515.444
650.780	514.966
650.940	515.725
651.090	515.953
651.250	515.147
651.400	515.003
651.560	514.045
651.710	513.938
651.870	511.987
652.020	511.915
652.180	513.937
652.330	513.120
652.490	513.622
652.640	514.507
652.800	515.127
652.950	514.522
653.110	511.362
653.260	512.973
653.420	514.639
653.570	513.539
653.730	512.347
653.890	513.134
654.040	514.791
654.200	514.751
654.350	512.015
654.510	513.068
654.660	516.744
654.820	518.473
654.970	519.996
655.130	521.847
655.280	525.715
655.440	527.392
655.590	526.413
655.750	527.455
655.900	528.966
656.060	527.771
656.210	526.221
656.370	525.575
656.520	525.961
656.680	524.663
656.840	523.279
656.990	523.652
657.150	526.034
657.300	525.533
657.460	524.185
657.610	524.580
657.770	525.128
657.920	525.014
658.080	521.957
658.230	523.241
658.390	525.472
658.550	526.252
658.700	523.891
658.860	523.673
659.010	524.107
659.170	522.113
659.320	519.890
659.480	518.281
659.630	520.720
659.790	519.284
659.940	519.026
660.100	520.323
660.260	520.334
660.410	519.851
660.570	518.001
660.720	518.985
660.880	520.746
661.030	520.471
661.190	519.149
661.340	519.313
661.500	520.649
661.660	520.245
661.810	516.981
661.970	515.915
662.120	517.689
662.280	517.342
662.430	514.597
662.590	514.940
662.750	515.497
662.900	514.513
663.060	512.445
663.210	511.905
663.370	515.375
663.520	514.153
663.680	512.597
663.840	513.513
663.990	514.859
664.150	514.106
664.300	511.242
664.460	511.089
664.610	514.270
664.770	513.514
664.930	511.802
665.080	512.500
665.240	512.700
665.390	512.995
665.550	510.425
665.700	510.423
665.860	512.975
666.020	512.493
666.170	513.090
666.330	512.953
666.480	514.210
666.640	514.587
666.800	513.131
666.950	513.307
667.110	515.358
667.260	514.288
667.420	512.519
667.580	512.795
667.730	513.714
667.890	513.816
668.040	510.788
668.200	511.705
668.360	515.948
668.510	515.393
668.670	514.704
668.820	514.860
668.980	515.487
669.140	516.992
669.290	513.502
669.450	514.394
669.600	516.970
669.760	517.455
669.920	516.594
670.070	515.207
670.230	516.778
670.380	517.250
670.540	514.856
670.700	514.152
670.850	516.873
671.010	517.038
671.160	514.655
671.320	514.432
671.480	514.461
671.630	514.750
671.790	512.930
671.940	512.998
672.100	517.126
672.260	516.553
672.410	515.743
672.570	515.540
672.730	515.344
672.880	516.626
673.040	513.326
673.190	513.617
673.350	516.257
673.510	517.145
673.660	516.803
673.820	516.784
673.980	517.992
674.130	518.027
674.290	515.908
674.440	515.517
674.600	518.469
674.760	518.086
674.910	517.617
675.070	518.502
675.230	519.090
675.380	520.962
675.540	518.607
675.700	517.541
675.850	517.787
676.010	517.019
676.160	516.802
676.320	515.094
676.480	515.054
676.630	515.853
676.790	515.688
676.950	515.603
677.100	517.435
677.260	517.728
677.420	517.710
677.570	517.491
677.730	518.479
677.890	518.878
678.040	517.508
678.200	517.710
678.350	520.679
678.510	520.898
678.670	519.802
678.820	520.151
678.980	521.167
679.140	521.350
679.290	519.431
679.450	519.492
679.610	522.952
679.760	522.875
679.920	521.362
680.080	520.890
680.230	520.574
680.390	519.858
680.550	516.801
680.700	516.926
680.860	519.428
681.020	519.325
681.170	519.239
681.330	520.624
681.490	521.082
681.640	520.153
681.800	516.984
681.960	516.953
682.110	518.448
682.270	517.943
682.430	517.038
682.580	517.077
682.740	517.529
682.900	518.495
683.050	516.273
683.210	516.282
683.370	518.328
683.520	519.028
683.680	519.302
683.840	519.083
683.990	519.204
684.150	519.129
684.310	517.414
684.460	516.804
684.620	518.644
684.780	517.022
684.940	516.675
685.090	516.051
685.250	515.264
685.410	516.029
685.560	512.692
685.720	512.864
685.880	514.151
686.030	513.935
686.190	513.767
686.350	512.137
686.500	513.043
686.660	513.796
686.820	512.446
686.980	512.087
687.130	514.689
687.290	515.668
687.450	516.667
687.600	516.316
687.760	517.157
687.920	518.288
688.070	515.694
688.230	515.228
688.390	517.194
688.550	517.973
688.700	517.357
688.860	517.306
689.020	518.900
689.170	519.813
689.330	517.118
689.490	516.848
689.640	519.646
689.800	520.038
689.960	518.683
690.120	518.381
690.270	519.287
690.430	519.568
690.590	517.925
690.740	518.219
690.900	520.580
691.060	521.322
691.220	520.877
691.370	520.378
691.530	520.046
691.690	520.635
691.840	518.487
692.000	517.787
692.160	520.041
692.320	519.973
692.470	518.189
692.630	516.141
692.790	516.323
692.950	516.371
693.100	513.241
693.260	513.332
693.420	516.162
693.570	516.659
693.730	516.040
693.890	515.581
694.050	516.391
694.200	516.005
694.360	514.651
694.520	515.509
694.680	518.513
694.830	519.800
694.990	518.972
695.150	519.289
695.310	519.103
695.460	519.070
695.620	516.814
695.780	516.412
695.940	518.200
696.090	517.897
696.250	516.778
696.410	516.522
696.570	517.019
696.720	516.002
696.880	513.962
697.040	514.232
697.200	517.653
697.350	517.152
697.510	516.175
697.670	515.858
697.830	517.578
697.980	517.532
698.140	515.222
698.300	515.010
698.460	516.951
698.610	518.087
698.770	517.545
698.930	517.870
699.090	519.125
699.240	519.428
699.400	517.652
699.560	518.007
699.720	520.625
699.870	521.063
700.030	519.090
700.190	520.063
700.350	521.654
700.500	521.199
700.660	518.707
700.820	518.549
700.980	522.101
701.140	520.994
701.290	519.729
701.450	519.688
701.610	520.284
701.770	519.761
701.920	516.187
702.080	516.510
702.240	518.236
702.400	517.736
702.550	516.765
702.710	516.289
702.870	517.853
703.030	518.060
703.190	515.169
703.340	515.145
703.500	516.760
703.660	517.249
703.820	516.119
703.980	516.613
704.130	519.436
704.290	520.329
704.450	519.761
704.610	520.647
704.760	523.749
704.920	523.203
705.080	521.662
705.240	521.819
705.400	521.850
705.550	521.105
705.710	518.257
705.870	518.019
706.030	518.574
706.190	519.023
706.340	517.449
706.500	517.519
706.660	518.863
706.820	518.823
706.980	518.220
707.130	517.287
707.290	519.850
707.450	519.950
707.610	518.508
707.770	519.262
707.920	519.606
708.080	519.832
708.240	517.771
708.400	517.603
708.560	520.619
708.710	520.283
708.870	520.453
709.030	519.938
709.190	520.166
709.350	520.678
709.510	517.577
709.660	517.361
709.820	519.546
709.980	519.495
710.140	519.397
710.300	519.038
710.450	520.393
710.610	520.333
710.770	518.046
710.930	517.978
711.090	520.438
711.250	520.315
711.400	519.269
711.560	520.094
711.720	521.075
711.880	521.363
712.040	519.140
712.190	520.081
712.350	522.634
712.510	521.970
712.670	521.463
712.830	521.835
712.990	522.229
713.140	522.534
713.300	520.121
713.460	520.527
713.620	521.604
713.780	522.093
713.940	521.366
714.090	520.462
714.250	521.176
714.410	521.133
714.570	519.239
714.730	519.256
714.890	522.215
715.050	522.935
715.200	522.349
715.360	523.341
715.520	524.895
715.680	524.766
715.840	522.479
716.000	521.348
716.150	522.709
716.310	522.087
716.470	520.283
716.630	520.395
716.790	520.436
716.950	520.598
717.110	518.749
717.260	518.379
717.420	521.731
717.580	520.857
717.740	519.728
717.900	520.174
718.060	522.254
718.220	522.041
718.370	518.817
718.530	519.219
718.690	522.231
718.850	522.547
719.010	520.081
719.170	520.791
719.330	522.915
719.480	522.415
719.640	518.877
719.800	518.225
719.960	521.820
720.120	520.859
720.280	518.918
720.440	520.509
720.600	522.285
720.750	522.654
720.910	520.220
721.070	522.153
721.230	524.247
721.390	523.769
721.550	522.768
721.710	522.851
721.870	523.526
722.020	522.296
722.180	520.428
722.340	519.252
722.500	520.732
722.660	519.958
722.820	518.761
722.980	518.257
723.140	519.287
723.300	519.490
723.450	519.278
723.610	519.461
723.770	521.107
723.930	522.057
724.090	520.608
724.250	520.801
724.410	520.439
724.570	520.783
724.730	519.072
724.880	518.800
725.040	521.145
725.200	520.958
725.360	521.851
725.520	521.793
725.680	523.541
725.840	522.535
726.000	520.689
726.160	520.755
726.320	520.765
726.470	520.280
726.630	518.211
726.790	518.573
726.950	518.553
727.110	518.817
727.270	517.494
727.430	518.004
727.590	521.831
727.750	522.373
727.910	522.293
728.060	522.372
728.220	522.988
728.380	523.814
728.540	520.295
728.700	520.060
728.860	522.612
729.020	522.306
729.180	521.144
729.340	520.865
729.500	520.863
729.660	520.499
729.820	517.807
729.970	516.953
730.130	520.262
730.290	519.799
730.450	519.511
730.610	519.921
730.770	522.186
730.930	523.107
731.090	520.520
731.250	520.559
731.410	523.572
731.570	523.940
731.730	520.973
731.890	521.306
732.050	522.095
732.200	521.908
732.360	518.947
732.520	518.039
732.680	521.463
732.840	521.532
733.000	520.435
733.160	521.074
733.320	522.331
733.480	523.194
733.640	520.279
733.800	520.374
733.960	523.150
734.120	522.421
734.280	521.356
734.440	520.707
734.600	520.964
734.750	520.382
734.910	516.957
735.070	517.033
735.230	518.640
735.390	518.171
735.550	518.089
735.710	518.699
735.870	519.430
736.030	519.675
736.190	517.651
736.350	518.322
736.510	519.434
736.670	518.292
736.830	517.271
736.990	517.133
737.150	517.102
737.310	517.144
737.470	514.826
737.630	515.549
