209.920	522.200
210.050	524.843
210.180	526.018
210.310	526.173
210.430	526.323
210.560	530.432
210.690	530.535
210.820	530.426
210.950	530.135
211.080	531.732
211.210	532.751
211.340	530.135
211.470	530.189
211.600	532.413
211.730	532.029
211.860	530.965
211.990	530.394
212.120	529.908
212.250	529.955
212.380	527.323
212.510	528.040
212.640	530.429
212.770	530.814
212.890	530.651
213.020	530.305
213.150	530.995
213.280	532.099
213.410	527.979
213.540	528.057
213.670	530.140
213.800	530.861
213.930	529.531
214.060	529.088
214.190	530.198
214.320	529.965
214.450	528.386
214.580	527.406
214.710	530.631
214.840	530.008
214.970	530.336
215.100	530.270
215.230	530.877
215.360	531.366
215.490	527.832
215.620	528.026
215.750	529.706
215.880	530.646
216.010	529.716
216.140	529.748
216.270	531.286
216.400	530.773
216.530	528.797
216.660	527.465
216.790	528.761
216.920	527.635
217.050	526.730
217.180	526.235
217.310	526.011
217.440	526.179
217.570	524.508
217.700	524.433
217.820	525.233
217.950	524.924
218.080	524.507
218.210	523.991
218.340	523.854
218.470	524.074
218.600	522.486
218.730	522.383
218.860	524.663
218.990	524.014
219.120	523.875
219.250	524.029
219.380	523.888
219.510	524.761
219.640	522.752
219.770	523.609
219.900	525.476
220.030	524.826
220.160	525.602
220.290	525.288
220.420	525.182
220.550	524.961
220.680	523.796
220.810	525.403
220.940	528.157
221.070	528.427
221.200	527.895
221.340	528.680
221.470	528.715
221.600	528.043
221.730	525.578
221.860	525.756
221.990	528.061
222.120	527.187
222.250	526.366
222.380	525.859
222.510	525.384
222.640	524.805
222.770	522.873
222.900	524.044
223.030	526.542
223.160	527.832
223.290	527.800
223.420	528.381
223.550	529.418
223.680	528.616
223.810	525.786
223.940	524.855
224.070	526.487
224.200	525.906
224.330	524.277
224.460	524.046
224.590	523.752
224.720	523.661
224.850	521.477
224.980	521.683
225.110	525.065
225.240	525.894
225.370	527.144
225.500	528.088
225.630	528.707
225.760	527.954
225.890	524.162
226.020	523.232
226.150	523.477
226.290	522.157
226.420	521.926
226.550	522.996
226.680	523.890
226.810	524.222
226.940	522.836
227.070	522.724
227.200	525.688
227.330	525.360
227.460	525.657
227.590	525.470
227.720	527.064
227.850	527.513
227.980	524.669
228.110	524.843
228.240	526.405
228.370	526.590
228.500	525.829
228.630	525.658
228.770	526.766
228.900	526.314
229.030	525.260
229.160	525.066
229.290	527.551
229.420	527.296
229.550	526.553
229.680	527.193
229.810	527.487
229.940	527.571
230.070	525.518
230.200	526.238
230.330	528.137
230.460	526.832
230.590	525.345
230.720	526.079
230.860	525.630
230.990	525.320
231.120	523.128
231.250	523.728
231.380	526.080
231.510	524.635
231.640	524.390
231.770	523.878
231.900	524.783
232.030	524.724
232.160	523.783
232.290	524.178
232.420	525.613
232.560	525.735
232.690	524.994
232.820	524.455
232.950	524.270
233.080	524.215
233.210	522.743
233.340	522.898
233.470	524.853
233.600	525.898
233.730	525.010
233.860	525.855
234.000	527.056
234.130	528.270
234.260	526.481
234.390	526.188
234.520	527.359
234.650	526.796
234.780	525.590
234.910	524.692
235.040	525.357
235.170	525.336
235.300	524.461
235.440	525.449
235.570	528.481
235.700	528.044
235.830	527.206
235.960	527.240
236.090	527.429
236.220	526.673
236.350	523.127
236.480	523.589
236.620	526.169
236.750	525.244
236.880	525.227
237.010	525.123
237.140	526.496
237.270	526.942
237.400	524.030
237.530	525.202
237.660	527.454
237.800	527.266
237.930	526.508
238.060	526.378
238.190	528.128
238.320	528.103
238.450	525.735
238.580	526.341
238.710	527.144
238.840	527.168
238.980	525.217
239.110	524.955
239.240	525.666
239.370	525.741
239.500	524.759
239.630	523.876
239.760	526.191
239.890	526.039
240.030	524.973
240.160	524.558
240.290	524.694
240.420	525.251
240.550	523.610
240.680	524.144
240.810	525.714
240.950	524.583
241.080	524.291
241.210	524.704
241.340	524.703
241.470	523.672
241.600	521.759
241.730	521.966
241.870	524.919
242.000	523.729
242.130	523.186
242.260	524.678
242.390	525.671
242.520	526.998
242.650	523.924
242.790	524.969
242.920	525.649
243.050	525.292
243.180	524.803
243.310	525.076
243.440	526.290
243.570	525.283
243.710	524.722
243.840	525.261
243.970	528.103
244.100	527.405
244.230	526.334
244.360	526.430
244.500	527.758
244.630	527.794
244.760	524.829
244.890	525.213
245.020	528.120
245.150	528.356
245.280	527.910
245.420	527.603
245.550	528.191
245.680	529.262
245.810	526.120
245.940	526.535
246.070	529.437
246.210	527.959
246.340	526.683
246.470	525.430
246.600	526.677
246.730	526.417
246.860	523.379
247.000	524.735
247.130	527.367
247.260	527.252
247.390	526.941
247.520	526.243
247.660	526.113
247.790	525.647
247.920	523.927
248.050	524.052
248.180	525.226
248.310	526.488
248.450	526.740
248.580	526.630
248.710	526.503
248.840	526.062
248.970	525.229
249.110	524.251
249.240	526.043
249.370	525.390
249.500	525.543
249.630	526.114
249.770	525.258
249.900	526.577
250.030	523.544
250.160	524.540
250.290	526.494
250.420	526.374
250.560	527.448
250.690	527.927
250.820	529.744
250.950	529.517
251.080	527.119
251.220	527.378
251.350	528.335
251.480	526.363
251.610	525.601
251.740	524.927
251.880	526.391
252.010	525.865
252.140	523.786
252.270	524.243
252.400	526.174
252.540	526.714
252.670	525.080
252.800	525.445
252.930	526.169
253.070	526.853
253.200	524.678
253.330	524.848
253.460	527.999
253.590	527.004
253.730	527.271
253.860	526.436
253.990	527.305
254.120	527.420
254.250	524.876
254.390	525.964
254.520	528.100
254.650	528.761
254.780	528.129
254.920	528.121
255.050	529.307
255.180	528.611
255.310	525.839
255.440	525.337
255.580	527.274
255.710	527.279
255.840	525.676
255.970	525.719
256.110	526.199
256.240	526.322
256.370	523.736
256.500	523.587
256.640	525.597
256.770	525.549
256.900	524.845
257.030	524.465
257.170	525.922
257.300	526.198
257.430	524.643
257.560	525.243
257.690	527.288
257.830	528.900
257.960	527.843
258.090	527.902
258.220	528.998
258.360	528.957
258.490	527.391
258.620	526.845
258.750	529.672
258.890	529.560
259.020	528.793
259.150	528.569
259.280	528.276
259.420	528.016
259.550	524.910
259.680	525.406
259.810	526.234
259.950	526.067
260.080	526.058
260.210	526.489
260.340	526.969
260.480	526.747
260.610	526.494
260.740	526.160
260.870	528.932
261.010	528.264
261.140	528.227
261.270	529.025
261.410	530.046
261.540	530.854
261.670	528.892
261.800	529.813
261.940	532.885
262.070	531.599
262.200	530.104
262.330	530.436
262.470	531.503
262.600	531.057
262.730	526.664
262.860	526.688
263.000	529.032
263.130	527.877
263.260	525.420
263.400	525.516
263.530	526.612
263.660	527.396
263.790	524.902
263.930	524.641
264.060	527.333
264.190	526.680
264.330	526.414
264.460	525.661
264.590	525.848
264.720	527.403
264.860	525.482
264.990	526.637
265.120	528.812
265.260	529.462
265.390	528.936
265.520	529.257
265.650	529.682
265.790	528.486
265.920	526.639
266.050	525.409
266.190	527.825
266.320	526.886
266.450	525.086
266.580	525.659
266.720	526.579
266.850	527.803
266.980	525.147
267.120	524.852
267.250	528.476
267.380	528.732
267.520	527.083
267.650	526.463
267.780	527.082
267.910	527.440
268.050	525.227
268.180	525.463
268.310	527.207
268.450	527.438
268.580	528.080
268.710	527.838
268.850	528.102
268.980	527.160
269.110	526.756
269.250	526.840
269.380	528.591
269.510	529.941
269.640	530.026
269.780	529.987
269.910	530.708
270.040	530.932
270.180	527.754
270.310	526.910
270.440	528.826
270.580	528.485
270.710	527.610
270.840	527.217
270.980	528.622
271.110	527.896
271.240	524.903
271.380	525.050
271.510	527.608
271.640	527.325
271.780	526.444
271.910	527.275
272.040	528.782
272.180	529.658
272.310	526.880
272.440	527.794
272.580	529.299
272.710	529.710
272.840	528.322
272.980	527.355
273.110	527.962
273.240	526.868
273.380	524.947
273.510	523.987
273.640	526.247
273.780	526.146
273.910	525.554
274.040	525.407
274.180	525.904
274.310	525.905
274.440	523.047
274.580	523.193
274.710	524.832
274.840	525.144
274.980	524.766
275.110	524.135
275.240	524.879
275.380	524.669
275.510	522.181
275.650	522.248
275.780	524.656
275.910	524.276
276.050	523.539
276.180	523.736
276.310	525.105
276.450	524.665
276.580	522.311
276.710	523.732
276.850	524.895
276.980	525.510
277.110	523.901
277.250	524.468
277.380	525.773
277.520	525.323
277.650	524.789
277.780	525.032
277.920	529.426
278.050	531.095
278.180	531.651
278.320	533.381
278.450	535.908
278.580	537.387
278.720	536.775
278.850	538.037
278.990	540.299
279.120	540.391
279.250	540.181
279.390	540.717
279.520	539.902
279.650	539.781
279.790	538.661
279.920	539.849
280.060	544.046
280.190	546.004
280.320	547.258
280.460	549.038
280.590	552.545
280.730	554.608
280.860	552.423
280.990	553.761
281.130	556.889
281.260	557.375
281.390	557.287
281.530	558.412
281.660	560.502
281.800	561.815
281.930	561.363
282.060	563.689
282.200	565.535
282.330	566.828
282.470	567.003
282.600	567.065
282.730	568.002
282.870	567.976
283.000	566.061
283.140	566.919
283.270	570.038
283.400	570.463
283.540	572.096
283.670	581.162
283.810	597.780
283.940	612.504
284.070	625.673
284.210	640.929
284.340	656.086
284.480	662.179
284.610	660.625
284.740	658.636
284.880	655.250
285.010	651.207
285.150	645.209
285.280	639.448
285.410	634.523
285.550	627.003
285.680	620.563
285.820	612.486
285.950	605.829
286.090	598.700
286.220	591.335
286.350	585.210
286.490	581.424
286.620	576.745
286.760	572.592
286.890	569.328
287.020	567.964
287.160	566.778
287.290	564.691
287.430	563.996
287.560	564.451
287.700	563.207
287.830	561.829
287.960	560.925
288.100	560.537
288.230	560.504
288.370	558.609
288.500	559.300
288.640	561.898
288.770	562.077
288.900	561.590
289.040	562.452
289.170	563.747
289.310	563.969
289.440	561.585
289.580	560.922
289.710	564.407
289.850	564.839
289.980	563.720
290.110	562.889
290.250	562.225
290.380	562.907
290.520	558.735
290.650	557.916
290.790	559.997
290.920	560.325
291.060	559.262
291.190	557.803
291.320	557.337
291.460	557.130
291.590	553.823
291.730	552.532
291.860	553.848
292.000	553.970
292.130	552.773
292.270	550.786
292.400	550.537
292.540	549.647
292.670	547.456
292.800	546.973
292.940	549.500
293.070	548.910
293.210	547.662
293.340	548.627
293.480	548.534
293.610	548.585
293.750	545.893
293.880	547.100
294.020	548.031
294.150	547.713
294.290	547.002
294.420	546.840
294.550	547.126
294.690	546.746
294.820	546.284
294.960	545.873
295.090	549.324
295.230	549.587
295.360	549.401
295.500	548.934
295.630	549.329
295.770	549.052
295.900	545.655
296.040	544.288
296.170	545.251
296.310	545.216
296.440	544.887
296.580	544.900
296.710	545.013
296.850	545.633
296.980	543.668
297.120	542.218
297.250	542.894
297.380	542.739
297.520	541.605
297.650	541.248
297.790	541.764
297.920	541.577
298.060	539.394
298.190	537.726
298.330	539.583
298.460	539.322
298.600	537.291
298.730	537.465
298.870	537.153
299.000	537.592
299.140	534.175
299.270	533.752
299.410	536.658
299.540	536.148
299.680	536.175
299.810	536.246
299.950	538.298
300.080	538.539
300.220	537.319
300.350	537.643
300.490	539.068
300.620	538.470
300.760	537.585
300.890	536.871
301.030	535.994
301.160	536.635
301.300	535.378
301.430	535.688
301.570	538.306
301.700	539.100
301.840	539.892
301.980	539.906
302.110	540.617
302.250	541.811
302.380	540.148
302.520	539.888
302.650	541.288
302.790	541.850
302.920	542.117
303.060	542.117
303.190	543.542
303.330	544.347
303.460	543.352
303.600	544.934
303.730	547.608
303.870	548.553
304.000	548.654
304.140	550.573
304.270	553.157
304.410	554.150
304.540	553.735
304.680	556.470
304.820	560.708
304.950	563.402
305.090	566.742
305.220	576.678
305.360	600.936
305.490	639.451
305.630	686.192
305.760	747.182
305.900	821.113
306.030	893.952
306.170	954.890
306.300	998.712
306.440	1032.059
306.570	1049.520
306.710	1050.912
306.850	1049.590
306.980	1051.645
307.120	1057.657
307.250	1066.093
307.390	1081.563
307.520	1100.104
307.660	1117.897
307.790	1132.910
307.930	1154.997
308.070	1192.061
308.200	1235.352
308.340	1279.002
308.470	1322.147
308.610	1369.496
308.740	1407.778
308.880	1429.880
309.010	1440.982
309.150	1454.762
309.290	1466.654
309.420	1470.823
309.560	1465.500
309.690	1464.511
309.830	1461.196
309.960	1447.253
310.100	1424.408
310.230	1404.488
310.370	1391.414
310.510	1367.723
310.640	1339.508
310.780	1312.704
310.910	1296.003
311.050	1272.005
311.180	1244.022
311.320	1221.549
311.460	1207.708
311.590	1198.272
311.730	1179.405
311.860	1164.205
312.000	1156.703
312.130	1146.408
312.270	1128.472
312.410	1107.890
312.540	1092.153
312.680	1078.657
312.810	1061.098
312.950	1045.934
313.090	1033.412
313.220	1022.687
313.360	1013.281
313.490	1004.556
313.630	994.861
313.760	985.063
313.900	978.632
314.040	972.945
314.170	968.669
314.310	963.206
314.440	961.110
314.580	958.142
314.720	951.797
314.850	945.757
314.990	941.465
315.120	935.843
315.260	927.373
315.400	916.140
315.530	907.652
315.670	897.979
315.800	885.844
315.940	872.735
316.080	860.832
316.210	852.295
316.350	839.626
316.480	825.212
316.620	814.809
316.760	806.570
316.890	795.592
317.030	782.592
317.160	772.461
317.300	764.984
317.440	752.991
317.570	741.084
317.710	733.383
317.840	729.682
317.980	723.702
318.120	717.486
318.250	712.094
318.390	707.677
318.520	703.058
318.660	695.883
318.800	692.045
318.930	689.778
319.070	685.586
319.210	680.041
319.340	675.003
319.480	671.796
319.610	667.900
319.750	661.621
319.890	657.315
320.020	653.794
320.160	649.002
320.300	643.876
320.430	641.628
320.570	640.138
320.700	638.549
320.840	636.108
320.980	633.373
321.110	632.509
321.250	628.707
321.390	625.477
321.520	624.261
321.660	623.784
321.790	623.367
321.930	619.818
322.070	616.510
322.200	615.231
322.340	611.283
322.480	606.383
322.610	603.602
322.750	601.437
322.890	600.721
323.020	596.121
323.160	592.615
323.300	592.818
323.430	588.756
323.570	586.012
323.700	583.984
323.840	584.862
323.980	589.948
324.110	593.587
324.250	600.318
324.390	605.582
324.520	608.027
324.660	608.451
324.800	606.533
324.930	602.374
325.070	597.306
325.210	593.063
325.340	588.784
325.480	587.842
325.620	583.815
325.750	580.655
325.890	578.424
326.030	575.320
326.160	573.860
326.300	568.834
326.440	566.072
326.570	565.292
326.710	566.034
326.850	568.436
326.980	569.724
327.120	571.469
327.260	572.614
327.390	570.752
327.530	568.454
327.670	567.001
327.800	563.926
327.940	562.559
328.080	560.899
328.210	560.940
328.350	558.793
328.490	554.229
328.620	553.838
328.760	553.573
328.900	551.734
329.030	548.797
329.170	547.106
329.310	546.341
329.440	544.096
329.580	540.734
329.720	539.879
329.850	543.214
329.990	542.424
330.130	542.250
330.260	541.709
330.400	542.271
330.540	542.524
330.680	538.262
330.810	537.229
330.950	537.536
331.090	537.920
331.220	536.888
331.360	536.840
331.500	537.683
331.630	538.524
331.770	537.041
331.910	536.443
332.040	539.703
332.180	538.854
332.320	538.306
332.460	539.041
332.590	540.295
332.730	541.245
332.870	538.349
333.000	539.585
333.140	541.838
333.280	541.547
333.410	540.197
333.550	539.783
333.690	539.614
333.830	539.134
333.960	536.289
334.100	536.965
334.240	540.317
334.370	541.202
334.510	543.501
334.650	545.534
334.790	548.402
334.920	549.150
335.060	547.617
335.200	548.000
335.330	549.564
335.470	550.721
335.610	551.350
335.750	553.914
335.880	557.195
336.020	560.031
336.160	560.183
336.300	562.279
336.430	567.755
336.570	569.449
336.710	569.282
336.840	569.159
336.980	568.575
337.120	566.484
337.260	560.550
337.390	556.359
337.530	555.375
337.670	551.958
337.810	549.157
337.940	546.191
338.080	544.185
338.220	542.388
338.350	538.016
338.490	536.449
338.630	537.230
338.770	534.797
338.900	533.253
339.040	532.050
339.180	533.534
339.320	532.769
339.450	528.755
339.590	528.815
339.730	530.002
339.870	528.770
340.000	526.574
340.140	526.101
340.280	526.960
340.420	526.437
340.550	523.904
340.690	524.743
340.830	527.050
340.970	527.309
341.100	527.649
341.240	529.014
341.380	530.088
341.520	530.274
341.650	528.039
341.790	527.860
341.930	529.180
342.070	527.504
342.200	526.596
342.340	525.907
342.480	526.259
342.620	526.877
342.750	525.840
342.890	526.844
343.030	529.821
343.170	529.813
343.300	530.263
343.440	529.780
343.580	529.965
343.720	530.067
343.860	527.026
343.990	527.473
344.130	527.856
344.270	527.790
344.410	526.492
344.540	526.103
344.680	525.956
344.820	525.845
344.960	524.462
345.090	524.633
345.230	526.927
345.370	526.429
345.510	526.491
345.650	527.204
345.780	528.544
345.920	527.927
346.060	525.600
346.200	527.115
346.340	528.599
346.470	527.699
346.610	526.358
346.750	526.370
346.890	527.904
347.020	527.457
347.160	525.953
347.300	527.131
347.440	530.901
347.580	531.850
347.710	531.381
347.850	532.674
347.990	533.813
348.130	533.784
348.270	530.536
348.400	530.781
348.540	532.690
348.680	531.655
348.820	530.922
348.960	530.389
349.090	530.594
349.230	531.005
349.370	529.170
349.510	530.362
349.650	533.938
349.780	535.161
349.920	535.276
350.060	535.282
350.200	536.120
350.340	535.134
350.470	532.543
350.610	531.751
350.750	533.985
350.890	534.103
351.030	533.638
351.160	534.293
351.300	535.088
351.440	535.491
351.580	533.828
351.720	533.894
351.860	536.390
351.990	535.736
352.130	535.331
352.270	536.571
352.410	536.847
352.550	537.834
352.680	535.474
352.820	537.333
352.960	539.669
353.100	539.869
353.240	540.153
353.380	539.600
353.510	539.920
353.650	539.210
353.790	536.850
353.930	536.285
354.070	538.133
354.210	538.200
354.340	538.498
354.480	538.751
354.620	539.642
354.760	539.411
354.900	537.091
355.040	536.481
355.170	537.416
355.310	536.322
355.450	535.257
355.590	535.170
355.730	535.622
355.870	536.553
356.000	536.248
356.140	537.641
356.280	540.494
356.420	541.896
356.560	542.767
356.700	544.022
356.830	545.465
356.970	547.395
357.110	546.804
357.250	547.023
357.390	549.492
357.530	548.271
357.670	546.353
357.800	543.940
357.940	542.871
358.080	540.393
358.220	536.103
358.360	534.815
358.500	536.229
358.640	534.156
358.770	532.509
358.910	531.837
359.050	531.650
359.190	530.671
359.330	526.347
359.470	525.983
359.610	526.535
359.740	525.371
359.880	523.228
360.020	522.006
360.160	523.193
360.300	523.258
360.440	521.551
360.580	520.976
360.710	523.271
360.850	524.241
360.990	523.354
361.130	523.345
361.270	523.153
361.410	524.824
361.550	522.974
361.690	523.477
361.820	525.098
361.960	525.284
362.100	524.414
362.240	523.832
362.380	525.119
362.520	524.577
362.660	522.711
362.800	522.323
362.940	525.724
363.070	525.332
363.210	524.161
363.350	524.205
363.490	524.631
363.630	523.968
363.770	521.082
363.910	522.259
364.050	523.604
364.180	522.840
364.320	522.496
364.460	522.653
364.600	523.196
364.740	522.517
364.880	521.127
365.020	521.899
365.160	525.599
365.300	526.631
365.440	527.334
365.570	527.181
365.710	528.640
365.850	528.599
365.990	524.399
366.130	524.496
366.270	525.847
366.410	525.380
366.550	524.384
366.690	524.773
366.830	526.034
366.960	525.265
367.100	523.085
367.240	523.904
367.380	526.042
367.520	525.685
367.660	524.862
367.800	524.971
367.940	525.169
368.080	525.594
368.220	523.662
368.360	523.178
368.490	525.052
368.630	524.550
368.770	524.712
368.910	523.541
369.050	522.794
369.190	522.950
369.330	521.113
369.470	521.937
369.610	522.949
369.750	523.286
369.890	523.067
370.030	522.532
370.170	523.216
370.300	523.504
370.440	521.819
370.580	522.176
370.720	524.968
370.860	526.408
371.000	526.652
371.140	526.420
371.280	526.948
371.420	527.454
371.560	525.262
371.700	524.876
371.840	527.124
371.980	527.151
372.120	527.233
372.260	527.613
372.390	528.463
372.530	529.317
372.670	527.325
372.810	528.196
372.950	529.529
373.090	527.921
373.230	527.499
373.370	526.615
373.510	527.342
373.650	525.528
373.790	524.619
373.930	525.682
374.070	528.917
374.210	528.499
374.350	527.931
374.490	529.913
374.630	530.231
374.770	531.108
374.910	527.980
375.040	529.388
375.180	532.002
375.320	531.419
375.460	531.391
375.600	530.344
375.740	530.749
375.880	529.355
376.020	525.760
376.160	525.709
376.300	528.356
376.440	527.903
376.580	527.035
376.720	526.878
376.860	527.316
377.000	526.772
377.140	523.309
377.280	523.883
377.420	526.069
377.560	527.095
377.700	526.484
377.840	527.676
377.980	528.128
378.120	527.778
378.260	525.842
378.400	524.937
378.540	528.051
378.680	527.194
378.820	527.409
378.960	528.085
379.100	528.671
379.230	529.228
379.370	526.426
379.510	526.765
379.650	528.498
379.790	528.253
379.930	528.116
380.070	527.351
380.210	528.508
380.350	528.711
380.490	526.958
380.630	526.840
380.770	529.161
380.910	529.643
381.050	528.774
381.190	527.780
381.330	528.063
381.470	527.256
381.610	524.038
381.750	523.247
381.890	522.826
382.030	523.403
382.170	521.552
382.310	521.388
382.450	522.210
382.590	522.489
382.730	523.158
382.870	522.845
383.010	526.345
383.150	527.286
383.290	526.511
383.430	527.777
383.570	528.033
383.710	528.005
383.850	525.165
383.990	524.908
384.130	527.990
384.270	527.336
384.410	526.637
384.550	526.740
384.690	527.410
384.830	527.547
384.970	524.270
385.110	524.164
385.250	527.121
385.390	526.619
385.530	526.475
385.670	526.286
385.810	527.142
385.950	527.468
386.090	524.699
386.240	525.279
386.380	526.161
386.520	526.932
386.660	525.158
386.800	524.766
386.940	523.336
387.080	522.841
387.220	521.239
387.360	520.022
387.500	523.391
387.640	523.439
387.780	523.867
387.920	522.860
388.060	523.344
388.200	522.936
388.340	520.868
388.480	520.616
388.620	523.238
388.760	523.573
388.900	523.476
389.040	523.470
389.180	524.125
389.320	525.344
389.460	523.762
389.600	525.180
389.740	527.544
389.880	528.350
390.020	527.235
390.160	526.025
390.300	526.785
390.450	526.331
390.590	524.330
390.730	524.809
390.870	527.434
391.010	527.872
391.150	526.771
391.290	527.129
391.430	528.338
391.570	528.986
391.710	526.672
391.850	525.754
391.990	527.953
392.130	527.709
392.270	526.025
392.410	525.401
392.550	526.540
392.690	527.075
392.830	524.986
392.970	524.757
393.120	527.678
393.260	527.294
393.400	526.699
393.540	527.301
393.680	528.357
393.820	528.048
393.960	525.891
394.100	525.863
394.240	527.506
394.380	527.133
394.520	526.067
394.660	526.342
394.800	525.974
394.940	525.111
395.080	522.902
395.230	523.300
395.370	525.248
395.510	525.276
395.650	525.803
395.790	526.648
395.930	526.807
396.070	526.498
396.210	524.348
396.350	524.810
396.490	527.383
396.630	527.213
396.770	526.778
396.920	527.012
397.060	528.054
397.200	527.840
397.340	524.900
397.480	525.344
397.620	528.059
397.760	527.863
397.900	526.919
398.040	526.617
398.180	527.218
398.320	526.961
398.460	524.089
398.610	523.591
398.750	524.989
398.890	525.177
399.030	523.937
399.170	523.817
399.310	525.556
399.450	525.152
399.590	523.467
399.730	523.230
399.870	524.147
400.020	524.477
400.160	523.079
400.300	523.909
400.440	523.986
400.580	523.100
400.720	521.623
400.860	520.936
401.000	523.587
401.140	522.785
401.290	523.021
401.430	522.868
401.570	524.782
401.710	524.649
401.850	521.973
401.990	521.890
402.130	523.169
402.270	523.842
402.410	522.457
402.560	522.612
402.700	524.225
402.840	524.828
402.980	523.788
403.120	524.719
403.260	528.043
403.400	529.027
403.540	527.419
403.690	528.490
403.830	529.691
403.970	530.388
404.110	526.683
404.250	526.288
404.390	528.922
404.530	529.461
404.670	528.186
404.820	526.931
404.960	528.008
405.100	527.583
405.240	525.797
405.380	523.600
405.520	525.493
405.660	525.471
405.800	524.540
405.950	524.191
406.090	524.363
406.230	525.333
406.370	523.445
406.510	523.961
406.650	526.099
406.790	527.191
406.940	526.875
407.080	526.770
407.220	526.727
407.360	526.042
407.500	523.391
407.640	522.837
407.780	524.388
407.930	524.071
408.070	524.030
408.210	524.602
408.350	527.184
408.490	527.225
408.630	526.128
408.770	526.570
408.920	528.183
409.060	527.535
409.200	526.249
409.340	526.279
409.480	526.601
409.620	527.068
409.770	525.748
409.910	526.685
410.050	528.482
410.190	528.001
410.330	527.101
410.470	525.854
410.620	525.779
410.760	524.069
410.900	521.644
411.040	522.519
411.180	523.162
411.320	523.451
411.470	522.013
411.610	522.520
411.750	523.137
411.890	523.152
412.030	522.185
412.170	522.898
412.320	526.133
412.460	526.877
412.600	526.483
412.740	525.940
412.880	526.971
413.020	526.357
413.170	523.737
413.310	523.297
413.450	524.891
413.590	524.721
413.730	522.072
413.880	521.129
414.020	521.797
414.160	521.398
414.300	519.278
414.440	519.307
414.580	521.789
414.730	521.840
414.870	520.635
415.010	521.513
415.150	522.398
415.290	521.988
415.440	520.177
415.580	520.817
415.720	523.130
415.860	521.909
416.000	521.348
416.150	521.023
416.290	521.321
416.430	520.950
416.570	518.828
416.710	518.883
416.860	520.726
417.000	521.601
417.140	521.991
417.280	522.318
417.420	523.068
417.570	523.585
417.710	520.944
417.850	519.992
417.990	520.542
418.130	519.767
418.280	518.993
418.420	518.752
418.560	519.706
418.700	520.643
418.840	519.872
418.990	521.499
419.130	524.835
419.270	525.046
419.410	525.943
419.560	526.457
419.700	528.337
419.840	528.246
419.980	525.859
420.120	526.428
420.270	527.930
420.410	527.482
420.550	525.621
420.690	525.391
420.840	525.733
420.980	525.450
421.120	522.255
421.260	521.229
421.400	523.798
421.550	523.761
421.690	522.410
421.830	522.584
421.970	523.839
422.120	524.813
422.260	521.760
422.400	521.507
422.540	523.801
422.690	523.000
422.830	522.409
422.970	521.939
423.110	522.944
423.250	522.574
423.400	521.064
423.540	521.178
423.680	522.873
423.820	523.765
423.970	522.878
424.110	522.501
424.250	523.479
424.390	524.353
424.540	522.273
424.680	520.888
424.820	523.134
424.960	523.559
425.110	522.165
425.250	521.074
425.390	520.862
425.530	521.234
425.680	518.984
425.820	518.250
425.960	520.711
426.100	521.270
426.250	521.870
426.390	521.956
426.530	523.183
426.670	524.300
426.820	521.999
426.960	521.188
427.100	521.549
427.240	521.093
427.390	519.560
427.530	518.567
427.670	518.877
427.820	519.298
427.960	518.297
428.100	518.793
428.240	520.912
428.390	520.494
428.530	519.704
428.670	520.471
428.810	522.215
428.960	522.453
429.100	520.687
429.240	521.390
429.380	523.798
429.530	524.015
429.670	523.189
429.810	523.320
429.960	524.293
430.100	524.565
430.240	523.068
430.380	522.898
430.530	524.618
430.670	523.715
430.810	523.395
430.960	523.441
431.100	523.306
431.240	522.110
431.380	519.927
431.530	520.640
431.670	522.014
431.810	522.137
431.960	521.692
432.100	523.560
432.240	523.108
432.380	522.359
432.530	519.608
432.670	518.789
432.810	521.808
432.960	520.142
433.100	519.508
433.240	520.600
433.380	522.189
433.530	523.306
433.670	520.179
433.810	521.157
433.960	524.331
434.100	524.237
434.240	523.443
434.390	523.110
434.530	524.816
434.670	525.426
434.810	523.783
434.960	524.285
435.100	527.433
435.240	527.616
435.390	525.841
435.530	524.565
435.670	525.013
435.820	523.578
435.960	520.092
436.100	519.477
436.250	520.577
436.390	520.158
436.530	518.390
436.680	518.024
436.820	518.550
436.960	518.428
437.100	516.223
437.250	516.664
437.390	519.386
437.530	519.756
437.680	519.359
437.820	519.398
437.960	521.296
438.110	521.582
438.250	518.900
438.390	518.566
438.540	520.699
438.680	520.931
438.820	520.547
438.970	521.839
439.110	522.209
439.250	524.029
439.400	522.188
439.540	522.340
439.680	523.726
439.830	522.203
439.970	522.303
440.110	520.434
440.260	521.220
440.400	520.672
440.540	518.445
440.690	518.518
440.830	518.799
440.970	519.438
441.120	518.008
441.260	518.203
441.400	518.759
441.550	518.138
441.690	518.430
441.830	518.893
441.980	522.362
442.120	522.170
442.260	521.530
442.410	522.634
442.550	523.162
442.690	522.686
442.840	519.491
442.980	520.534
443.130	523.084
443.270	522.673
443.410	521.655
443.560	521.301
443.700	522.535
443.840	521.666
443.990	518.880
444.130	517.953
444.270	519.395
444.420	519.157
444.560	517.500
444.700	516.926
444.850	517.779
444.990	517.781
445.140	515.569
445.280	516.031
445.420	516.401
445.570	516.871
445.710	516.666
445.850	517.376
446.000	517.559
446.140	517.451
446.290	516.298
446.430	516.346
446.570	519.306
446.720	518.566
446.860	518.996
447.000	519.398
447.150	522.055
447.290	522.128
447.440	518.865
447.580	519.533
447.720	521.721
447.870	521.503
448.010	519.671
448.150	520.114
448.300	520.652
448.440	519.633
448.590	516.480
448.730	515.093
448.870	518.283
449.020	517.569
449.160	517.778
449.300	518.129
449.450	519.436
449.590	521.050
449.740	518.257
449.880	518.428
450.020	519.927
450.170	520.096
450.310	519.253
450.460	519.475
450.600	519.366
450.740	519.500
450.890	516.710
451.030	516.106
451.180	518.281
451.320	517.366
451.460	517.185
451.610	517.335
451.750	518.877
451.900	519.372
452.040	517.260
452.180	516.897
452.330	517.974
452.470	517.302
452.620	516.377
452.760	516.549
452.900	517.230
453.050	517.095
453.190	515.295
453.340	515.035
453.480	516.753
453.630	515.577
453.770	514.833
453.910	515.105
454.060	516.037
454.200	515.648
454.350	513.467
454.490	513.726
454.630	514.551
454.780	514.991
454.920	513.995
455.070	514.854
455.210	515.953
455.360	516.539
455.500	516.205
455.640	515.621
455.790	518.528
455.930	518.571
456.080	517.992
456.220	518.109
456.370	519.886
456.510	521.142
456.650	518.755
456.800	519.588
456.940	521.909
457.090	521.955
457.230	519.304
457.380	518.672
457.520	519.732
457.660	519.010
457.810	516.360
457.950	516.755
458.100	519.319
458.240	518.956
458.390	518.515
458.530	518.688
458.680	520.078
458.820	518.941
458.960	516.767
459.110	516.860
459.250	518.394
459.400	518.578
459.540	516.663
459.690	516.963
459.830	518.153
459.980	518.368
460.120	517.997
460.260	517.899
460.410	521.517
460.550	523.183
460.700	522.711
460.840	523.229
460.990	523.011
461.130	523.605
461.280	520.766
461.420	520.155
461.570	521.618
461.710	520.392
461.850	520.109
462.000	519.010
462.140	519.831
462.290	519.352
462.430	517.337
462.580	517.500
462.720	518.013
462.870	517.729
463.010	516.254
463.160	516.972
463.300	518.094
463.450	518.538
463.590	517.587
463.740	518.649
463.880	521.016
464.020	520.020
464.170	519.073
464.310	518.510
464.460	518.892
464.600	519.034
464.750	517.062
464.890	517.519
465.040	520.116
465.180	520.828
465.330	520.242
465.470	519.479
465.620	520.529
465.760	520.468
465.910	518.542
466.050	518.754
466.200	520.318
466.340	520.584
466.490	520.534
466.630	520.828
466.780	520.763
466.920	521.377
467.070	520.404
467.210	520.878
467.360	522.855
467.500	521.920
467.650	521.584
467.790	520.542
467.940	520.762
468.080	519.817
468.230	517.043
468.370	517.843
468.520	519.769
468.660	520.004
468.810	519.218
468.950	519.383
469.100	519.980
469.240	519.922
469.390	516.871
469.530	516.168
469.680	518.404
469.820	517.539
469.970	516.447
470.110	515.204
470.260	516.005
470.400	515.384
470.550	512.670
470.690	512.388
470.840	514.303
470.980	514.674
471.130	514.412
471.270	514.830
471.420	515.182
471.560	515.536
471.710	513.802
471.850	514.459
472.000	516.336
472.140	517.191
472.290	517.170
472.430	518.146
472.580	518.939
472.720	518.615
472.870	516.854
473.010	517.453
473.160	518.548
473.300	518.610
473.450	518.435
473.590	518.303
473.740	519.111
473.890	519.213
474.030	518.360
474.180	518.140
474.320	519.550
474.470	520.126
474.610	519.293
474.760	519.698
474.900	519.747
475.050	519.680
475.190	517.119
475.340	516.467
475.480	518.456
475.630	517.299
475.770	516.758
475.920	516.254
476.070	517.401
476.210	517.474
476.360	515.707
476.500	515.827
476.650	517.820
476.790	519.818
476.940	520.306
477.080	520.701
477.230	521.827
477.370	521.721
477.520	520.321
477.670	520.009
477.810	521.182
477.960	520.786
478.100	519.377
478.250	519.061
478.390	518.979
478.540	517.402
478.680	514.913
478.830	514.903
478.980	517.112
479.120	518.260
479.270	517.722
479.410	518.199
479.560	518.902
479.700	519.588
479.850	517.473
479.990	516.252
480.140	518.270
480.290	518.135
480.430	517.066
480.580	516.754
480.720	517.609
480.870	518.988
481.010	516.675
481.160	516.360
481.310	518.574
481.450	518.618
481.600	518.251
481.740	517.247
481.890	518.139
482.030	517.976
482.180	516.825
482.330	517.262
482.470	517.802
482.620	518.414
482.760	516.937
482.910	517.944
483.060	518.600
483.200	518.443
483.350	516.825
483.490	516.579
483.640	519.658
483.780	519.225
483.930	519.246
484.080	518.901
484.220	519.787
484.370	519.941
484.510	517.834
484.660	518.543
484.810	520.760
484.950	521.598
485.100	522.439
485.240	522.589
485.390	523.882
485.540	524.603
485.680	522.555
485.830	522.505
485.970	524.449
486.120	524.268
486.270	523.305
486.410	523.346
486.560	524.081
486.700	524.765
486.850	522.407
487.000	522.743
487.140	524.729
487.290	523.596
487.430	521.405
487.580	520.074
487.730	519.975
487.870	518.296
488.020	515.695
488.160	514.939
488.310	516.628
488.460	516.547
488.600	515.207
488.750	515.537
488.890	516.021
489.040	516.324
489.190	514.708
489.330	513.736
489.480	515.505
489.630	515.405
489.770	514.530
489.920	514.763
490.060	515.109
490.210	515.894
490.360	514.716
490.500	515.441
490.650	518.288
490.790	518.570
490.940	518.001
491.090	517.805
491.230	518.662
491.380	519.181
491.530	516.818
491.670	516.610
491.820	518.160
491.970	518.821
492.110	517.901
492.260	516.782
492.400	517.986
492.550	518.144
492.700	516.655
492.840	516.113
492.990	519.022
493.140	519.453
493.280	518.369
493.430	518.483
493.580	519.728
493.720	520.019
493.870	517.630
494.010	517.585
494.160	520.988
494.310	521.107
494.450	519.765
494.600	519.369
494.750	518.802
494.890	518.767
495.040	515.728
495.190	514.560
495.330	518.135
495.480	518.334
495.630	517.549
495.770	517.923
495.920	519.481
496.070	520.582
496.210	516.872
496.360	517.172
496.510	518.610
496.650	518.076
496.800	515.460
496.940	514.812
497.090	515.011
497.240	514.831
497.380	513.716
497.530	513.188
497.680	516.948
497.820	516.790
497.970	516.892
498.120	517.158
498.260	518.187
498.410	518.726
498.560	515.687
498.700	515.596
498.850	517.452
499.000	517.777
499.140	517.029
499.290	517.211
499.440	518.069
499.590	518.577
499.730	516.750
499.880	516.370
500.030	518.185
500.170	517.564
500.320	516.521
500.470	516.564
500.610	517.620
500.760	517.092
500.910	514.993
501.050	515.041
501.200	515.215
501.350	514.508
501.490	513.088
501.640	512.649
501.790	513.292
501.930	513.374
502.080	512.668
502.230	513.515
502.370	516.826
502.520	517.251
502.670	517.047
502.820	518.308
502.960	520.085
503.110	520.467
503.260	518.233
503.400	518.623
503.550	521.038
503.700	520.217
503.840	518.549
503.990	518.126
504.140	518.685
504.290	519.038
504.430	516.356
504.580	516.804
504.730	519.740
504.870	519.533
505.020	518.294
505.170	517.661
505.310	518.242
505.460	518.150
505.610	515.774
505.760	516.205
505.900	517.961
506.050	517.983
506.200	517.871
506.340	518.188
506.490	518.704
506.640	518.248
506.790	515.694
506.930	515.773
507.080	518.300
507.230	517.826
507.370	517.205
507.520	517.567
507.670	519.546
507.820	520.050
507.960	516.853
508.110	516.051
508.260	518.909
508.400	518.475
508.550	517.418
508.700	516.226
508.850	517.671
508.990	518.283
509.140	515.686
509.290	515.731
509.440	518.308
509.580	519.384
509.730	518.958
509.880	519.489
510.030	520.721
510.170	521.117
510.320	518.577
510.470	518.550
510.610	519.225
510.760	518.190
510.910	516.625
511.060	516.481
511.200	517.604
511.350	516.683
511.500	515.391
511.650	515.570
511.790	517.833
511.940	516.709
512.090	515.592
512.240	515.412
512.380	516.363
512.530	517.292
512.680	514.024
512.830	514.484
512.970	517.127
513.120	518.208
513.270	517.600
513.420	517.531
513.560	520.109
513.710	521.040
513.860	518.964
514.010	518.335
514.150	521.343
514.300	520.728
514.450	519.267
514.600	518.681
514.740	518.696
514.890	518.922
515.040	515.393
515.190	515.579
515.330	517.364
515.480	516.948
515.630	517.127
515.780	517.761
515.930	518.692
516.070	519.275
516.220	518.351
516.370	518.584
516.520	519.648
516.660	519.575
516.810	518.807
516.960	518.087
517.110	517.105
517.250	517.314
517.400	515.433
517.550	514.872
517.700	518.465
517.850	518.177
517.990	518.910
518.140	519.153
518.290	519.473
518.440	518.960
518.580	515.853
518.730	516.677
518.880	518.471
519.030	518.501
519.180	518.385
519.320	519.278
519.470	519.288
519.620	519.177
519.770	516.596
519.920	516.094
520.060	517.143
520.210	515.995
520.360	515.095
520.510	515.002
520.650	516.728
520.800	516.369
520.950	515.722
521.100	516.526
521.250	520.241
521.390	520.486
521.540	518.967
521.690	519.747
521.840	520.108
521.990	520.212
522.130	516.727
522.280	515.728
522.430	518.822
522.580	517.963
522.730	516.764
522.870	516.030
523.020	517.438
523.170	516.670
523.320	513.242
523.470	513.047
523.620	515.313
523.760	515.330
523.910	514.102
524.060	515.053
524.210	515.725
524.360	516.680
524.500	514.369
524.650	515.350
524.800	517.109
524.950	517.347
525.100	517.647
525.240	517.478
525.390	517.772
525.540	517.070
525.690	514.761
525.840	514.448
525.990	515.889
526.130	516.310
526.280	515.037
526.430	514.766
526.580	516.052
526.730	516.267
526.880	513.279
527.020	512.709
527.170	515.436
527.320	515.732
527.470	515.096
527.620	514.623
527.770	516.367
527.910	515.875
528.060	514.628
528.210	514.706
528.360	516.882
528.510	518.263
528.660	517.480
528.800	518.268
528.950	518.537
529.100	518.575
529.250	516.541
529.400	516.083
529.550	516.699
529.690	516.301
529.840	514.769
529.990	513.660
530.140	514.548
530.290	513.124
530.440	511.839
530.580	511.239
530.730	514.014
530.880	515.073
531.030	513.892
531.180	515.078
531.330	516.472
531.480	517.155
531.620	514.720
531.770	515.201
531.920	516.734
532.070	516.019
532.220	514.708
532.370	514.132
532.520	515.270
532.660	514.561
532.810	513.015
532.960	512.828
533.110	515.228
533.260	515.892
533.410	515.219
533.560	515.370
533.710	516.108
533.850	516.504
534.000	515.612
534.150	515.210
534.300	517.967
534.450	517.930
534.600	517.345
534.750	517.458
534.890	517.273
535.040	518.026
535.190	515.129
535.340	515.042
535.490	517.047
535.640	516.446
535.790	514.942
535.940	514.563
536.080	514.738
536.230	513.873
536.380	511.650
536.530	512.310
536.680	514.194
536.830	513.351
536.980	513.324
537.130	514.613
537.280	515.214
537.420	515.218
537.570	513.463
537.720	514.253
537.870	517.331
538.020	517.366
538.170	516.424
538.320	516.760
538.470	517.626
538.620	518.397
538.760	515.564
538.910	515.562
539.060	516.155
539.210	516.184
539.360	515.599
539.510	515.394
539.660	517.042
539.810	517.216
539.960	517.510
540.110	518.070
540.250	520.808
540.400	520.454
540.550	519.693
540.700	519.481
540.850	520.809
541.000	519.482
541.150	517.374
541.300	516.662
541.450	517.889
541.600	518.599
541.740	516.841
541.890	518.689
542.040	518.547
542.190	518.852
542.340	516.026
542.490	514.923
542.640	516.823
542.790	515.858
542.940	515.249
543.090	514.699
543.240	516.990
543.390	517.438
543.530	515.205
543.680	514.534
543.830	517.303
543.980	517.741
544.130	515.676
544.280	515.630
544.430	516.589
544.580	516.421
544.730	514.149
544.880	514.367
545.030	517.023
545.180	516.381
545.330	515.629
545.480	516.148
545.620	515.789
545.770	515.879
545.920	513.426
546.070	514.209
546.220	516.602
546.370	515.807
546.520	514.872
546.670	515.038
546.820	514.268
546.970	513.526
547.120	510.990
547.270	510.836
547.420	513.169
547.570	512.447
547.720	512.663
547.870	512.704
548.010	513.093
548.160	513.744
548.310	511.683
548.460	511.707
548.610	513.965
548.760	514.574
548.910	514.666
549.060	515.149
549.210	516.919
549.360	516.747
549.510	515.226
549.660	515.468
549.810	517.846
549.960	518.202
550.110	517.022
550.260	518.155
550.410	519.309
550.560	519.386
550.710	517.029
550.860	516.382
551.010	519.549
551.160	519.087
551.300	518.442
551.450	518.217
551.600	518.690
551.750	518.991
551.900	516.024
552.050	516.527
552.200	518.542
552.350	519.116
552.500	518.187
552.650	517.993
552.800	519.370
552.950	519.000
553.100	516.204
553.250	514.849
553.400	516.763
553.550	516.711
553.700	515.353
553.850	514.951
554.000	516.013
554.150	515.957
554.300	513.842
554.450	512.637
554.600	514.751
554.750	515.026
554.900	513.328
555.050	513.374
555.200	514.262
555.350	515.484
555.500	512.224
555.650	511.360
555.800	513.943
555.950	513.631
556.100	512.736
556.250	512.149
556.400	513.989
556.550	514.886
556.700	513.703
556.850	514.756
557.000	517.572
557.150	518.071
557.300	517.768
557.450	516.895
557.600	516.694
557.750	516.662
557.900	514.332
558.050	514.461
558.200	514.802
558.350	515.132
558.500	514.209
558.650	514.358
558.800	515.495
558.950	515.260
559.100	515.456
559.250	516.335
559.400	519.817
559.550	519.541
559.700	518.738
559.850	519.425
560.000	519.343
560.150	518.332
560.300	515.315
560.450	515.245
560.600	516.826
560.750	516.563
560.900	516.444
561.050	517.379
561.200	518.052
561.350	518.606
561.500	518.121
561.650	517.342
561.800	519.162
561.950	517.875
562.100	518.418
562.250	517.908
562.400	517.050
562.550	517.944
562.700	515.437
562.850	516.409
563.000	517.042
563.150	516.634
563.300	516.501
563.450	515.483
563.600	515.117
563.750	515.016
563.900	513.538
564.050	514.046
564.200	515.912
564.350	516.062
564.500	515.877
564.660	517.114
564.810	518.079
564.960	517.588
565.110	515.103
565.260	515.529
565.410	518.802
565.560	517.275
565.710	515.969
565.860	515.794
566.010	517.006
566.160	516.943
566.310	513.650
566.460	513.365
566.610	516.680
566.760	517.041
566.910	516.415
567.060	516.015
567.210	517.010
567.360	518.058
567.510	514.561
567.660	514.930
567.810	515.524
567.970	515.815
568.120	515.186
568.270	514.802
568.420	516.131
568.570	516.040
568.720	515.286
568.870	515.808
569.020	519.224
569.170	521.590
569.320	521.784
569.470	523.375
569.620	525.085
569.770	526.137
569.920	523.726
570.070	522.622
570.220	524.612
570.380	523.221
570.530	522.491
570.680	521.857
570.830	522.243
570.980	520.669
571.130	517.888
571.280	517.221
571.430	518.776
571.580	517.924
571.730	516.953
571.880	517.298
572.030	518.617
572.180	519.045
572.340	516.423
572.490	516.817
572.640	519.193
572.790	519.030
572.940	517.097
573.090	517.361
573.240	518.126
573.390	517.688
573.540	514.666
573.690	514.422
573.840	516.170
573.990	515.180
574.150	513.189
574.300	512.503
574.450	512.992
574.600	512.888
574.750	510.496
574.900	509.366
575.050	511.706
575.200	512.596
575.350	512.227
575.500	512.700
575.650	514.249
575.810	517.153
575.960	514.499
576.110	513.296
576.260	515.248
576.410	515.047
576.560	514.135
576.710	513.110
576.860	514.150
577.010	515.689
577.160	513.992
577.320	515.180
577.470	517.119
577.620	516.928
577.770	516.922
577.920	516.576
578.070	517.920
578.220	516.206
578.370	514.541
578.520	514.980
578.680	518.115
578.830	518.831
578.980	516.764
579.130	517.008
579.280	517.542
579.430	517.822
579.580	514.840
579.730	515.704
579.890	517.920
580.040	517.684
580.190	516.424
580.340	515.964
580.490	516.937
580.640	515.309
580.790	513.821
580.940	514.684
581.100	519.720
581.250	519.850
581.400	518.351
581.550	517.914
581.700	519.303
581.850	519.683
582.000	515.597
582.150	515.446
582.310	518.508
582.460	518.949
582.610	517.731
582.760	517.030
582.910	517.597
583.060	517.284
583.210	515.224
583.370	515.211
583.520	517.636
583.670	517.756
583.820	517.574
583.970	518.290
584.120	518.233
584.270	518.045
584.430	515.333
584.580	515.082
584.730	516.958
584.880	516.158
585.030	516.223
585.180	515.833
585.330	517.151
585.490	517.583
585.640	514.810
585.790	515.567
585.940	518.362
586.090	519.464
586.240	518.948
586.390	520.610
586.550	522.463
586.700	523.226
586.850	521.210
587.000	523.426
587.150	531.278
587.300	560.437
587.460	622.458
587.610	695.951
587.760	772.117
587.910	852.312
588.060	940.961
588.210	1009.627
588.370	1042.940
588.520	1055.247
588.670	1059.635
588.820	1054.229
588.970	1029.919
589.120	997.114
589.280	961.600
589.430	933.726
589.580	908.722
589.730	880.482
589.880	853.412
590.030	829.458
590.190	808.505
590.340	786.962
590.490	763.622
590.640	746.836
590.790	734.274
590.950	719.472
591.100	704.085
591.250	691.189
591.400	684.954
591.550	677.388
591.700	664.786
591.860	656.021
592.010	650.523
592.160	641.783
592.310	627.099
592.460	612.890
592.620	601.748
592.770	589.627
592.920	576.196
593.070	564.539
593.220	557.648
593.380	549.299
593.530	541.513
593.680	535.794
593.830	532.188
593.980	529.124
594.140	523.688
594.290	521.524
594.440	521.990
594.590	520.456
594.740	518.084
594.900	516.391
595.050	516.617
595.200	516.052
595.350	514.573
595.500	514.006
595.660	516.030
595.810	515.198
595.960	514.246
596.110	513.873
596.260	513.703
596.420	514.097
596.570	511.154
596.720	511.275
596.870	512.554
597.020	512.751
597.180	512.157
597.330	511.930
597.480	511.758
597.630	511.864
597.790	511.359
597.940	510.940
598.090	512.632
598.240	512.333
598.390	512.545
598.550	513.279
598.700	512.745
598.850	513.289
599.000	510.480
599.160	510.394
599.310	512.106
599.460	511.829
599.610	511.357
599.760	511.701
599.920	513.096
600.070	513.736
600.220	512.392
600.370	512.173
600.530	516.435
600.680	516.020
600.830	516.079
600.980	516.984
601.140	517.314
601.290	517.890
601.440	514.435
601.590	514.930
601.750	516.166
601.900	515.091
602.050	514.354
602.200	514.601
602.360	514.716
602.510	514.583
602.660	513.454
602.810	513.599
602.960	515.197
603.120	514.348
603.270	513.273
603.420	513.172
603.570	512.603
603.730	511.539
603.880	510.137
604.030	510.598
604.180	514.258
604.340	513.303
604.490	513.222
604.640	514.505
604.800	515.174
604.950	515.001
605.100	511.595
605.250	511.820
605.410	513.573
605.560	512.943
605.710	512.158
605.860	512.172
606.020	512.420
606.170	512.781
606.320	509.883
606.470	509.890
606.630	511.077
606.780	510.949
606.930	510.199
607.080	510.200
607.240	511.220
607.390	511.446
607.540	509.398
607.700	509.232
607.850	512.770
608.000	513.060
608.150	512.061
608.310	511.254
608.460	512.602
608.610	513.062
608.760	510.070
608.920	509.518
609.070	512.413
609.220	512.732
609.380	512.544
609.530	511.890
609.680	513.119
609.830	514.001
609.990	511.109
610.140	512.686
610.290	515.479
610.450	516.234
610.600	515.589
610.750	515.630
610.900	517.819
611.060	518.342
611.210	515.986
611.360	516.628
611.520	519.864
611.670	521.174
611.820	520.363
611.970	520.399
612.130	521.327
612.280	522.367
612.430	519.929
612.590	520.073
612.740	524.023
612.890	523.851
613.050	522.955
613.200	522.348
613.350	523.277
613.500	522.413
613.660	519.704
613.810	519.459
613.960	522.367
614.120	522.479
614.270	520.949
614.420	521.916
614.580	520.993
614.730	521.100
614.880	517.707
615.040	517.848
615.190	521.306
615.340	520.921
615.500	520.491
615.650	519.920
615.800	521.313
615.950	521.493
616.110	518.834
616.260	518.509
616.410	520.736
616.570	521.006
616.720	521.243
616.870	522.278
617.030	524.234
617.180	524.460
617.330	523.507
617.490	524.365
617.640	526.448
617.790	525.138
617.950	524.775
618.100	524.421
618.250	524.750
618.410	525.238
618.560	522.868
618.710	522.811
618.870	523.843
619.020	524.737
619.170	524.100
619.330	524.504
619.480	526.426
619.630	528.177
619.790	526.609
619.940	527.704
620.090	531.775
620.250	531.505
620.400	530.590
620.550	530.231
620.710	530.469
620.860	529.056
621.010	525.988
621.170	524.506
621.320	525.095
621.470	524.167
621.630	522.639
621.780	521.935
621.930	521.553
622.090	522.479
622.240	521.200
622.400	519.849
622.550	521.908
622.700	522.454
622.860	521.511
623.010	521.466
623.160	521.888
623.320	521.765
623.470	519.956
623.620	519.799
623.780	521.466
623.930	520.509
624.080	519.660
624.240	520.347
624.390	522.063
624.550	521.413
624.700	520.543
624.850	520.242
625.010	522.657
625.160	522.866
625.310	521.092
625.470	521.600
625.620	521.423
625.770	521.991
625.930	519.272
626.080	517.884
626.240	518.837
626.390	518.695
626.540	517.568
626.700	516.626
626.850	517.407
627.000	519.127
627.160	517.569
627.310	517.510
627.470	519.369
627.620	519.251
627.770	518.179
627.930	517.228
628.080	517.496
628.230	516.756
628.390	514.885
628.540	515.008
628.700	517.655
628.850	517.306
629.000	516.741
629.160	516.938
629.310	517.897
629.470	517.759
629.620	515.855
629.770	515.633
629.930	517.727
630.080	516.656
630.240	515.806
630.390	516.137
630.540	516.690
630.700	517.099
630.850	515.511
631.010	516.457
631.160	518.833
631.310	518.814
631.470	517.154
631.620	517.474
631.780	517.573
631.930	516.492
632.080	513.263
632.240	512.525
632.390	514.937
632.550	514.687
632.700	514.099
632.850	515.469
633.010	516.616
633.160	517.695
633.320	514.377
633.470	513.461
633.620	515.489
633.780	514.187
633.930	512.698
634.090	512.264
634.240	513.514
634.390	514.654
634.550	512.780
634.700	513.278
634.860	515.667
635.010	515.320
635.170	515.377
635.320	514.837
635.470	515.110
635.630	515.352
635.780	513.544
635.940	513.580
636.090	514.403
636.250	513.317
636.400	512.761
636.550	512.558
636.710	513.300
636.860	512.599
637.020	510.694
637.170	511.271
637.330	513.930
637.480	514.626
637.630	513.480
637.790	514.346
637.940	516.611
638.100	516.942
638.250	514.314
638.410	513.720
638.560	516.312
638.710	516.903
638.870	515.373
639.020	515.851
639.180	517.046
639.330	518.086
639.490	515.927
639.640	515.914
639.800	518.290
639.950	518.360
640.100	517.362
640.260	516.878
640.410	518.258
640.570	517.569
640.720	516.038
640.880	515.140
641.030	517.204
641.190	516.874
641.340	515.990
641.500	515.886
641.650	515.619
641.800	516.196
641.960	513.746
642.110	513.530
642.270	515.638
642.420	515.812
642.580	515.660
642.730	516.162
642.890	516.478
643.040	516.367
643.200	513.406
643.350	512.972
643.500	513.659
643.660	513.071
643.810	513.171
643.970	512.964
644.120	514.464
644.280	514.317
644.430	512.108
644.590	512.463
644.740	514.619
644.900	514.867
645.050	513.655
645.210	514.468
645.360	514.773
645.520	513.614
645.670	510.364
645.830	510.849
645.980	512.447
646.140	511.845
646.290	512.489
646.440	512.908
646.600	513.900
646.750	513.585
646.910	512.099
647.060	511.211
647.220	513.888
647.370	514.317
647.530	513.645
647.680	513.918
647.840	514.478
647.990	515.767
648.150	512.822
648.300	511.818
648.460	514.077
648.610	513.254
648.770	512.151
648.920	511.805
649.080	511.632
649.230	512.196
649.390	509.800
649.540	509.947
649.700	512.744
649.850	512.843
650.010	513.356
650.160	513.588
650.320	514.955
650.470	515.102
650.630	513.805
650.780	513.660
650.940	515.164
651.090	514.612
651.250	513.913
651.400	514.253
651.560	514.217
651.710	514.201
651.870	512.478
652.020	513.313
652.180	514.988
652.330	514.054
652.490	513.587
652.640	514.398
652.800	515.444
652.950	514.515
653.110	512.080
653.260	513.020
653.420	514.888
653.570	513.620
653.730	512.160
653.890	512.941
654.040	514.099
654.200	514.929
654.350	512.202
654.510	513.465
654.660	516.934
654.820	518.725
654.970	519.953
655.130	521.675
655.280	524.961
655.440	527.042
655.590	527.091
655.750	527.678
655.900	529.936
656.060	529.544
656.210	528.896
656.370	528.555
656.520	527.822
656.680	527.302
656.840	525.137
656.990	524.447
657.150	526.855
657.300	525.895
657.460	524.555
657.610	525.097
657.770	525.317
657.920	524.837
658.080	521.360
658.230	522.063
658.390	524.215
658.550	523.680
658.700	522.451
658.860	522.674
659.010	523.439
659.170	522.057
659.320	519.668
659.480	518.489
659.630	520.157
659.790	518.883
659.940	518.776
660.100	520.327
660.260	521.690
660.410	521.961
660.570	520.571
660.720	521.440
660.880	522.811
661.030	521.338
661.190	519.135
661.340	519.088
661.500	520.349
661.660	519.412
661.810	516.164
661.970	515.653
662.120	517.525
662.280	517.089
662.430	514.700
662.590	515.021
662.750	515.540
662.900	514.632
663.060	512.114
663.210	511.404
663.370	513.270
663.520	512.648
663.680	511.231
663.840	511.775
663.990	511.789
664.150	511.667
664.300	508.960
664.460	508.541
664.610	512.012
664.770	511.732
664.930	511.608
665.080	511.629
665.240	512.526
665.390	512.784
665.550	510.350
665.700	510.796
665.860	513.415
666.020	512.979
666.170	513.173
666.330	513.064
666.480	513.786
666.640	513.832
666.800	512.194
666.950	511.863
667.110	513.548
667.260	512.952
667.420	511.611
667.580	510.919
667.730	511.366
667.890	512.251
668.040	510.095
668.200	510.373
668.360	513.530
668.510	514.565
668.670	514.370
668.820	514.430
668.980	515.001
669.140	516.259
669.290	513.702
669.450	512.735
669.600	514.993
669.760	515.398
669.920	515.539
670.070	514.110
670.230	515.289
670.380	516.492
670.540	514.456
670.700	513.900
670.850	515.935
671.010	516.650
671.160	514.279
671.320	513.310
671.480	512.883
671.630	512.945
671.790	510.583
671.940	511.426
672.100	515.027
672.260	515.033
672.410	514.818
672.570	515.450
672.730	515.588
672.880	515.705
673.040	513.120
673.190	513.189
673.350	515.064
673.510	514.827
673.660	514.844
673.820	514.996
673.980	516.143
674.130	516.495
674.290	515.785
674.440	515.846
674.600	518.556
674.760	518.359
674.910	518.976
675.070	519.848
675.230	519.164
675.380	520.708
675.540	518.138
675.700	517.352
675.850	517.090
676.010	516.727
676.160	516.699
676.320	515.658
676.480	515.651
676.630	516.213
676.790	514.981
676.950	515.006
677.100	517.682
677.260	517.300
677.420	517.254
677.570	517.073
677.730	518.973
677.890	518.426
678.040	516.145
678.200	516.414
678.350	518.747
678.510	519.285
678.670	517.500
678.820	518.765
678.980	519.300
679.140	519.217
679.290	517.867
679.450	517.370
679.610	520.736
679.760	520.360
679.920	519.320
680.080	519.518
680.230	519.883
680.390	519.759
680.550	517.339
680.700	517.206
680.860	519.692
681.020	519.503
681.170	518.452
681.330	518.314
681.490	517.948
681.640	517.166
681.800	514.333
681.960	513.916
682.110	515.578
682.270	517.175
682.430	516.641
682.580	517.250
682.740	518.135
682.900	519.048
683.050	517.941
683.210	516.947
683.370	518.796
683.520	518.740
683.680	518.357
683.840	518.379
683.990	517.911
684.150	517.789
684.310	515.418
684.460	515.188
684.620	516.605
684.780	515.731
684.940	514.420
685.090	513.922
685.250	514.342
685.410	515.049
685.560	512.734
685.720	512.310
685.880	514.326
686.030	514.297
686.190	514.153
686.350	512.957
686.500	513.452
686.660	513.832
686.820	512.122
686.980	511.739
687.130	514.310
687.290	514.505
687.450	514.913
687.600	514.969
687.760	516.099
687.920	517.338
688.070	514.105
688.230	514.276
688.390	516.427
688.550	516.433
688.700	515.797
688.860	516.128
689.020	518.053
689.170	518.794
689.330	516.029
689.490	516.647
689.640	519.110
689.800	518.645
689.960	517.001
690.120	517.160
690.270	518.132
690.430	518.179
690.590	516.382
690.740	516.504
690.900	518.989
691.060	518.761
691.220	518.463
691.370	518.513
691.530	518.112
691.690	518.878
691.840	516.697
692.000	516.152
692.160	518.816
692.320	518.010
692.470	517.509
692.630	516.298
692.790	516.695
692.950	517.767
693.100	514.752
693.260	515.163
693.420	517.345
693.570	516.932
693.730	517.075
693.890	516.417
694.050	516.730
694.200	516.312
694.360	514.603
694.520	515.893
694.680	518.602
694.830	519.221
694.990	518.543
695.150	519.152
695.310	519.673
695.460	519.410
695.620	516.645
695.780	516.129
695.940	517.135
696.090	517.029
696.250	515.865
696.410	514.515
696.570	515.339
696.720	514.878
696.880	514.139
697.040	514.764
697.200	517.802
697.350	518.600
697.510	517.573
697.670	517.461
697.830	519.224
697.980	518.189
698.140	516.027
698.300	516.341
698.460	518.537
698.610	519.447
698.770	518.676
698.930	519.861
699.090	519.961
699.240	520.286
699.400	518.936
699.560	519.996
699.720	523.647
699.870	523.489
700.030	523.366
700.190	523.991
700.350	525.027
700.500	524.082
700.660	520.429
700.820	520.203
700.980	522.997
701.140	521.588
701.290	520.424
701.450	520.570
701.610	520.795
701.770	521.169
701.920	518.481
702.080	519.162
702.240	520.763
702.400	520.035
702.550	519.094
702.710	517.786
702.870	518.759
703.030	518.765
703.190	515.814
703.340	515.732
703.500	517.812
703.660	518.121
703.820	516.318
703.980	516.530
704.130	519.394
704.290	520.012
704.450	518.256
704.610	519.521
704.760	522.369
704.920	521.822
705.080	519.849
705.240	519.439
705.400	520.724
705.550	519.634
705.710	516.999
705.870	516.801
706.030	517.531
706.190	518.128
706.340	516.539
706.500	516.857
706.660	517.967
706.820	517.996
706.980	517.395
707.130	516.582
707.290	519.421
707.450	519.333
707.610	518.779
707.770	519.215
707.920	520.174
708.080	520.806
708.240	517.944
708.400	517.510
708.560	520.045
708.710	520.228
708.870	519.449
709.030	519.354
709.190	520.068
709.350	521.306
709.510	517.635
709.660	517.203
709.820	520.025
709.980	520.223
710.140	520.052
710.300	519.495
710.450	522.299
710.610	522.418
710.770	519.912
710.930	519.774
711.090	523.259
711.250	522.919
711.400	521.519
711.560	523.334
711.720	524.561
711.880	525.042
712.040	521.560
712.190	522.624
712.350	525.389
712.510	524.054
712.670	523.295
712.830	523.126
712.990	523.683
713.140	524.126
713.300	520.700
713.460	520.508
713.620	522.023
713.780	522.014
713.940	520.726
714.090	519.091
714.250	519.813
714.410	519.960
714.570	517.321
714.730	516.942
714.890	520.061
715.050	520.521
715.200	520.878
715.360	521.411
715.520	522.313
715.680	522.311
715.840	520.672
716.000	520.615
716.150	521.979
716.310	521.377
716.470	520.764
716.630	521.059
716.790	520.698
716.950	519.964
717.110	518.026
717.260	517.979
717.420	520.886
717.580	519.960
717.740	519.617
717.900	520.639
718.060	522.260
718.220	522.229
718.370	519.327
718.530	520.096
718.690	521.537
718.850	521.138
719.010	518.932
719.170	518.867
719.330	520.334
719.480	519.810
719.640	517.480
719.800	517.257
719.960	520.259
720.120	519.804
720.280	518.619
720.440	519.893
720.600	520.703
720.750	521.089
720.910	519.028
721.070	521.257
721.230	522.761
721.390	522.467
721.550	522.391
721.710	522.791
721.870	523.770
722.020	522.471
722.180	520.235
722.340	518.478
722.500	519.968
722.660	518.629
722.820	516.998
722.980	515.928
723.140	518.100
723.300	518.957
723.450	517.928
723.610	518.810
723.770	520.502
723.930	520.991
724.090	519.553
724.250	520.335
724.410	520.190
724.570	519.652
724.730	518.447
724.880	518.453
725.040	520.743
725.200	519.662
725.360	520.751
725.520	520.587
725.680	521.372
725.840	520.647
726.000	518.102
726.160	518.114
726.320	517.920
726.470	517.905
726.630	516.499
726.790	517.222
726.950	517.378
727.110	517.939
727.270	516.722
727.430	517.342
727.590	521.073
727.750	521.896
727.910	521.834
728.060	521.433
728.220	522.771
728.380	523.537
728.540	519.806
728.700	519.407
728.860	521.896
729.020	522.174
729.180	520.847
729.340	520.394
729.500	520.384
729.660	519.890
729.820	517.026
729.970	516.413
730.130	519.128
730.290	518.849
730.450	518.164
730.610	519.162
730.770	520.911
730.930	522.165
731.090	519.277
731.250	519.534
731.410	523.004
731.570	522.499
731.730	520.453
731.890	519.506
732.050	520.972
732.200	520.512
732.360	518.404
732.520	518.313
732.680	521.710
732.840	522.728
733.000	521.915
733.160	523.752
733.320	525.438
733.480	526.686
733.640	524.074
733.800	524.133
733.960	526.553
734.120	525.144
734.280	523.763
734.440	522.143
734.600	522.167
734.750	521.152
734.910	517.752
735.070	517.607
735.230	518.365
735.390	518.440
735.550	518.156
735.710	518.511
735.870	519.762
736.030	519.458
736.190	517.621
736.350	517.128
736.510	518.353
736.670	517.584
736.830	515.077
736.990	515.097
737.150	514.845
737.310	515.307
737.470	512.677
737.630	512.845
