209.920	521.850
210.050	524.407
210.180	525.570
210.310	526.159
210.430	524.789
210.560	528.963
210.690	529.035
210.820	528.383
210.950	527.830
211.080	528.345
211.210	529.896
211.340	527.163
211.470	526.465
211.600	528.018
211.730	528.572
211.860	527.492
211.990	527.237
212.120	527.580
212.250	527.791
212.380	526.397
212.510	526.227
212.640	529.203
212.770	528.927
212.890	528.113
213.020	528.224
213.150	528.918
213.280	529.580
213.410	524.842
213.540	525.125
213.670	526.935
213.800	527.500
213.930	525.889
214.060	525.817
214.190	527.533
214.320	527.816
214.450	526.041
214.580	525.045
214.710	528.423
214.840	527.996
214.970	528.138
215.100	526.986
215.230	527.344
215.360	527.653
215.490	524.865
215.620	524.353
215.750	525.873
215.880	527.017
216.010	526.687
216.140	527.063
216.270	527.836
216.400	527.462
216.530	525.515
216.660	524.424
216.790	526.509
216.920	525.613
217.050	524.257
217.180	524.702
217.310	525.055
217.440	525.949
217.570	523.316
217.700	523.253
217.820	524.325
217.950	524.000
218.080	523.522
218.210	522.783
218.340	522.371
218.470	522.636
218.600	521.283
218.730	520.318
218.860	522.126
218.990	522.076
219.120	522.776
219.250	522.307
219.380	523.037
219.510	524.057
219.640	522.450
219.770	522.848
219.900	524.445
220.030	524.676
220.160	524.607
220.290	524.612
220.420	524.199
220.550	523.604
220.680	521.427
220.810	521.559
220.940	524.436
221.070	524.593
221.200	524.529
221.340	525.295
221.470	526.337
221.600	526.745
221.730	523.782
221.860	524.581
221.990	526.576
222.120	526.147
222.250	525.285
222.380	524.270
222.510	523.724
222.640	522.473
222.770	520.309
222.900	521.369
223.030	523.804
223.160	525.298
223.290	526.087
223.420	526.588
223.550	527.586
223.680	526.288
223.810	523.504
223.940	521.896
224.070	522.478
224.200	521.496
224.330	520.160
224.460	519.885
224.590	518.938
224.720	519.723
224.850	518.246
224.980	519.232
225.110	521.838
225.240	523.016
225.370	524.387
225.500	524.420
225.630	524.418
225.760	524.416
225.890	522.078
226.020	520.202
226.150	520.221
226.290	519.449
226.420	519.997
226.550	520.259
226.680	520.657
226.810	521.526
226.940	520.935
227.070	521.679
227.200	524.169
227.330	523.497
227.460	523.228
227.590	522.628
227.720	523.427
227.850	523.723
227.980	521.582
228.110	521.944
228.240	524.246
228.370	524.829
228.500	524.748
228.630	524.868
228.770	524.858
228.900	524.523
229.030	522.439
229.160	522.676
229.290	524.697
229.420	523.963
229.550	523.382
229.680	524.087
229.810	525.446
229.940	525.134
230.070	523.456
230.200	524.055
230.330	526.680
230.460	526.170
230.590	524.399
230.720	525.805
230.860	525.174
230.990	525.466
231.120	524.001
231.250	523.550
231.380	525.554
231.510	523.813
231.640	524.108
231.770	522.602
231.900	522.421
232.030	522.709
232.160	522.232
232.290	523.197
232.420	524.169
232.560	524.939
232.690	524.977
232.820	524.310
232.950	523.218
233.080	522.683
233.210	521.566
233.340	521.769
233.470	523.786
233.600	524.538
233.730	524.386
233.860	524.931
234.000	525.355
234.130	526.263
234.260	523.898
234.390	523.876
234.520	524.657
234.650	524.414
234.780	523.928
234.910	522.988
235.040	523.587
235.170	523.679
235.300	523.272
235.440	523.478
235.570	526.300
235.700	526.447
235.830	526.071
235.960	525.906
236.090	526.500
236.220	526.339
236.350	522.933
236.480	522.741
236.620	524.556
236.750	524.315
236.880	523.817
237.010	523.869
237.140	524.818
237.270	525.289
237.400	523.001
237.530	523.718
237.660	526.499
237.800	526.175
237.930	525.835
238.060	525.839
238.190	526.924
238.320	527.061
238.450	524.821
238.580	525.235
238.710	526.435
238.840	526.198
238.980	524.532
239.110	523.729
239.240	523.175
239.370	523.397
239.500	521.966
239.630	521.527
239.760	524.327
239.890	524.408
240.030	524.093
240.160	523.384
240.290	523.822
240.420	523.739
240.550	522.086
240.680	523.139
240.810	525.006
240.950	524.954
241.080	524.439
241.210	524.993
241.340	524.757
241.470	523.895
241.600	521.767
241.730	521.114
241.870	523.802
242.000	523.321
242.130	522.355
242.260	522.551
242.390	522.304
242.520	523.412
242.650	520.568
242.790	520.935
242.920	522.152
243.050	522.506
243.180	523.134
243.310	523.900
243.440	524.957
243.570	524.550
243.710	523.350
243.840	524.135
243.970	527.072
244.100	526.660
244.230	526.452
244.360	526.597
244.500	528.047
244.630	527.384
244.760	524.276
244.890	523.696
245.020	525.418
245.150	525.820
245.280	525.781
245.420	526.090
245.550	526.982
245.680	528.199
245.810	525.625
245.940	526.198
246.070	529.145
246.210	528.223
246.340	527.135
246.470	526.439
246.600	527.831
246.730	527.879
246.860	525.155
247.000	526.031
247.130	527.930
247.260	528.093
247.390	527.526
247.520	526.421
247.660	525.846
247.790	525.483
247.920	523.815
248.050	523.345
248.180	524.846
248.310	523.949
248.450	523.867
248.580	523.648
248.710	523.441
248.840	523.405
248.970	521.528
249.110	522.390
249.240	524.546
249.370	523.719
249.500	523.753
249.630	523.958
249.770	523.670
249.900	523.386
250.030	520.335
250.160	521.246
250.290	523.272
250.420	522.019
250.560	522.596
250.690	524.179
250.820	525.919
250.950	525.662
251.080	523.780
251.220	525.076
251.350	526.220
251.480	525.278
251.610	524.074
251.740	523.730
251.880	524.634
252.010	524.312
252.140	523.339
252.270	522.772
252.400	525.072
252.540	524.921
252.670	523.174
252.800	523.343
252.930	522.935
253.070	523.759
253.200	521.757
253.330	522.397
253.460	524.726
253.590	524.879
253.730	525.274
253.860	525.067
253.990	526.113
254.120	525.878
254.250	524.892
254.390	524.620
254.520	526.916
254.650	527.420
254.780	526.430
254.920	527.571
255.050	528.369
255.180	528.255
255.310	525.313
255.440	524.303
255.580	526.010
255.710	525.777
255.840	524.596
255.970	524.564
256.110	525.786
256.240	526.367
256.370	524.599
256.500	524.083
256.640	526.318
256.770	526.587
256.900	525.387
257.030	524.561
257.170	525.840
257.300	525.927
257.430	524.164
257.560	524.053
257.690	526.095
257.830	527.434
257.960	526.297
258.090	526.504
258.220	526.944
258.360	527.534
258.490	526.301
258.620	526.289
258.750	528.534
258.890	528.246
259.020	527.873
259.150	527.458
259.280	527.291
259.420	527.327
259.550	524.718
259.680	525.779
259.810	527.152
259.950	526.833
260.080	526.701
260.210	526.644
260.340	526.610
260.480	526.285
260.610	525.616
260.740	525.960
260.870	528.874
261.010	527.986
261.140	529.620
261.270	530.123
261.410	530.888
261.540	531.426
261.670	528.995
261.800	530.677
261.940	533.283
262.070	532.452
262.200	531.030
262.330	531.849
262.470	533.026
262.600	532.285
262.730	528.540
262.860	528.876
263.000	531.116
263.130	529.759
263.260	526.907
263.400	527.009
263.530	527.506
263.660	527.227
263.790	525.219
263.930	525.133
264.060	527.899
264.190	527.171
264.330	525.459
264.460	525.426
264.590	525.363
264.720	525.920
264.860	524.931
264.990	525.745
265.120	529.444
265.260	530.100
265.390	529.667
265.520	529.990
265.650	530.259
265.790	529.142
265.920	526.351
266.050	524.937
266.190	527.553
266.320	526.813
266.450	524.854
266.580	526.110
266.720	526.642
266.850	527.197
266.980	524.011
267.120	523.447
267.250	526.582
267.380	527.116
267.520	526.805
267.650	526.633
267.780	527.626
267.910	528.851
268.050	526.903
268.180	526.365
268.310	527.671
268.450	527.438
268.580	527.648
268.710	527.011
268.850	526.985
268.980	526.587
269.110	525.961
269.250	525.654
269.380	527.418
269.510	527.700
269.640	527.484
269.780	527.229
269.910	527.335
270.040	527.915
270.180	525.369
270.310	525.448
270.440	528.081
270.580	527.850
270.710	527.469
270.840	527.429
270.980	528.371
271.110	527.355
271.240	524.270
271.380	523.899
271.510	525.093
271.640	524.590
271.780	524.046
271.910	524.354
272.040	526.326
272.180	526.719
272.310	524.821
272.440	525.997
272.580	526.874
272.710	527.512
272.840	525.866
272.980	525.897
273.110	526.932
273.240	526.444
273.380	524.986
273.510	524.420
273.640	526.535
273.780	525.992
273.910	525.098
274.040	524.885
274.180	524.948
274.310	524.033
274.440	520.741
274.580	521.291
274.710	523.236
274.840	522.686
274.980	521.590
275.110	521.559
275.240	522.487
275.380	521.433
275.510	519.069
275.650	519.458
275.780	522.982
275.910	522.975
276.050	522.356
276.180	523.195
276.310	523.988
276.450	523.336
276.580	520.550
276.710	521.320
276.850	522.599
276.980	522.636
277.110	521.649
277.250	521.678
277.380	522.044
277.520	522.091
277.650	521.491
277.780	521.541
277.920	526.631
278.050	528.454
278.180	529.655
278.320	531.452
278.450	534.321
278.580	536.710
278.720	534.445
278.850	536.053
278.990	538.362
279.120	538.881
279.250	538.168
279.390	538.274
279.520	538.594
279.650	539.634
279.790	539.732
279.920	541.109
280.060	546.995
280.190	550.515
280.320	552.953
280.460	554.709
280.590	559.326
280.730	562.054
280.860	559.869
280.990	561.447
281.130	565.119
281.260	566.447
281.390	566.567
281.530	568.977
281.660	571.751
281.800	573.742
281.930	572.662
282.060	575.473
282.200	578.146
282.330	579.634
282.470	579.905
282.600	578.956
282.730	581.738
282.870	583.044
283.000	581.261
283.140	582.391
283.270	585.972
283.400	587.519
283.540	589.990
283.670	597.585
283.810	613.232
283.940	625.472
284.070	637.336
284.210	650.829
284.340	662.769
284.480	667.594
284.610	665.545
284.740	664.998
284.880	661.694
285.010	657.527
285.150	651.633
285.280	646.500
285.410	641.596
285.550	634.341
285.680	627.691
285.820	621.205
285.950	615.757
286.090	608.472
286.220	601.624
286.350	595.350
286.490	592.719
286.620	588.202
286.760	583.479
286.890	581.152
287.020	580.264
287.160	579.056
287.290	576.950
287.430	576.200
287.560	576.957
287.700	574.893
287.830	572.969
287.960	572.697
288.100	572.629
288.230	572.759
288.370	571.886
288.500	574.149
288.640	577.847
288.770	578.906
288.900	578.722
289.040	579.519
289.170	580.540
289.310	580.603
289.440	577.799
289.580	576.790
289.710	579.596
289.850	579.503
289.980	578.235
290.110	577.466
290.250	576.635
290.380	576.749
290.520	572.853
290.650	572.567
290.790	574.361
290.920	573.624
291.060	572.023
291.190	570.784
291.320	570.260
291.460	569.459
291.590	566.950
291.730	565.707
291.860	567.678
292.000	567.469
292.130	565.388
292.270	563.517
292.400	561.605
292.540	561.642
292.670	558.111
292.800	557.233
292.940	559.710
293.070	559.764
293.210	558.924
293.340	558.067
293.480	558.254
293.610	558.365
293.750	555.007
293.880	555.138
294.020	555.630
294.150	556.327
294.290	556.452
294.420	556.223
294.550	557.961
294.690	557.799
294.820	558.106
294.960	557.522
295.090	560.337
295.230	560.520
295.360	559.762
295.500	559.886
295.630	559.657
295.770	559.833
295.900	557.078
296.040	555.838
296.170	557.008
296.310	556.147
296.440	555.255
296.580	554.202
296.710	553.405
296.850	553.465
296.980	550.852
297.120	549.180
297.250	550.746
297.380	550.713
297.520	549.360
297.650	549.041
297.790	548.595
297.920	549.205
298.060	545.692
298.190	543.508
298.330	545.276
298.460	543.807
298.600	542.126
298.730	540.892
298.870	540.546
299.000	540.995
299.140	538.042
299.270	537.782
299.410	540.096
299.540	539.851
299.680	539.752
299.810	539.493
299.950	539.889
300.080	539.607
300.220	539.127
300.350	538.897
300.490	540.374
300.620	539.918
300.760	539.538
300.890	540.059
301.030	538.890
301.160	540.053
301.300	538.605
301.430	538.713
301.570	541.129
301.700	542.026
301.840	542.384
301.980	542.633
302.110	543.608
302.250	544.825
302.380	543.952
302.520	543.682
302.650	545.691
302.790	545.896
302.920	546.313
303.060	546.903
303.190	548.726
303.330	548.648
303.460	548.372
303.600	550.060
303.730	554.055
303.870	555.915
304.000	555.823
304.140	558.866
304.270	562.047
304.410	564.001
304.540	564.368
304.680	567.691
304.820	573.852
304.950	578.724
305.090	583.585
305.220	596.929
305.360	624.516
305.490	670.937
305.630	729.781
305.760	805.732
305.900	899.309
306.030	991.998
306.170	1075.023
306.300	1137.277
306.440	1186.285
306.570	1215.936
306.710	1224.756
306.850	1229.952
306.980	1236.182
307.120	1246.519
307.250	1258.613
307.390	1278.675
307.520	1301.640
307.660	1322.857
307.790	1342.582
307.930	1367.443
308.070	1408.836
308.200	1458.369
308.340	1510.090
308.470	1563.193
308.610	1619.703
308.740	1669.272
308.880	1700.684
309.010	1721.340
309.150	1743.181
309.290	1760.807
309.420	1774.208
309.560	1774.029
309.690	1777.915
309.830	1778.049
309.960	1768.155
310.100	1746.332
310.230	1723.644
310.370	1709.100
310.510	1683.816
310.640	1651.222
310.780	1616.365
310.910	1593.986
311.050	1565.199
311.180	1531.463
311.320	1500.994
311.460	1480.764
311.590	1468.346
311.730	1447.070
311.860	1424.449
312.000	1412.202
312.130	1398.748
312.270	1376.492
312.410	1347.233
312.540	1323.057
312.680	1304.067
312.810	1281.009
312.950	1260.423
313.090	1240.072
313.220	1227.239
313.360	1214.255
313.490	1199.982
313.630	1186.270
313.760	1172.138
313.900	1162.762
314.040	1152.855
314.170	1146.082
314.310	1139.101
314.440	1134.276
314.580	1128.662
314.720	1120.889
314.850	1112.083
314.990	1105.046
315.120	1097.151
315.260	1087.012
315.400	1074.062
315.530	1062.614
315.670	1049.126
315.800	1033.251
315.940	1017.997
316.080	1000.141
316.210	986.830
316.350	970.250
316.480	952.052
316.620	938.106
316.760	925.416
316.890	911.369
317.030	895.063
317.160	881.091
317.300	869.931
317.440	854.597
317.570	838.577
317.710	828.287
317.840	821.035
317.980	812.757
318.120	804.196
318.250	796.005
318.390	788.725
318.520	780.447
318.660	771.357
318.800	765.021
318.930	760.423
319.070	752.916
319.210	745.860
319.340	739.634
319.480	735.032
319.610	729.161
319.750	722.155
319.890	717.140
320.020	712.066
320.160	706.096
320.300	698.156
320.430	694.938
320.570	691.645
320.700	689.209
320.840	686.104
320.980	681.968
321.110	679.706
321.250	673.303
321.390	669.581
321.520	666.578
321.660	664.858
321.790	663.330
321.930	658.305
322.070	654.368
322.200	650.640
322.340	646.255
322.480	640.254
322.610	636.257
322.750	633.034
322.890	630.967
323.020	625.415
323.160	620.739
323.300	619.047
323.430	613.691
323.570	610.624
323.700	607.965
323.840	608.033
323.980	611.414
324.110	613.784
324.250	618.965
324.390	622.706
324.520	623.246
324.660	623.174
324.800	620.780
324.930	616.716
325.070	612.693
325.210	607.664
325.340	604.830
325.480	603.217
325.620	598.874
325.750	595.253
325.890	592.622
326.030	590.872
326.160	588.349
326.300	583.770
326.440	581.197
326.570	579.901
326.710	578.635
326.850	579.450
326.980	580.923
327.120	582.073
327.260	582.789
327.390	580.461
327.530	578.545
327.670	576.199
327.800	572.352
327.940	569.513
328.080	567.297
328.210	566.546
328.350	564.292
328.490	560.236
328.620	559.290
328.760	559.360
328.900	556.793
329.030	554.470
329.170	552.823
329.310	551.621
329.440	549.297
329.580	545.837
329.720	545.159
329.850	547.931
329.990	547.250
330.130	547.061
330.260	546.431
330.400	547.385
330.540	548.260
330.680	544.308
330.810	543.740
330.950	545.102
331.090	545.300
331.220	544.837
331.360	543.772
331.500	544.886
331.630	545.345
331.770	542.704
331.910	543.440
332.040	545.268
332.180	544.595
332.320	544.023
332.460	544.312
332.590	545.722
332.730	545.247
332.870	543.254
333.000	544.851
333.140	546.381
333.280	545.887
333.410	545.620
333.550	544.863
333.690	544.664
333.830	544.083
333.960	541.683
334.100	542.665
334.240	544.396
334.370	545.654
334.510	546.807
334.650	548.528
334.790	551.250
334.920	551.385
335.060	550.584
335.200	551.532
335.330	554.844
335.470	557.390
335.610	558.312
335.750	561.733
335.880	565.301
336.020	568.380
336.160	567.665
336.300	567.754
336.430	572.058
336.570	573.433
336.710	572.281
336.840	571.272
336.980	570.891
337.120	569.430
337.260	564.128
337.390	559.591
337.530	558.974
337.670	555.610
337.810	552.730
337.940	549.648
338.080	547.414
338.220	545.998
338.350	541.936
338.490	540.475
338.630	540.934
338.770	539.296
338.900	538.022
339.040	536.369
339.180	537.154
339.320	536.352
339.450	532.818
339.590	531.765
339.730	532.469
339.870	531.023
340.000	528.193
340.140	527.561
340.280	527.919
340.420	527.542
340.550	524.667
340.690	525.208
340.830	528.409
340.970	528.622
341.100	528.241
341.240	529.322
341.380	531.091
341.520	531.617
341.650	528.827
341.790	528.863
341.930	531.084
342.070	529.762
342.200	528.614
342.340	528.877
342.480	529.618
342.620	530.096
342.750	528.506
342.890	529.619
343.030	532.283
343.170	531.657
343.300	532.151
343.440	532.420
343.580	532.703
343.720	532.601
343.860	530.266
343.990	530.867
344.130	530.905
344.270	530.413
344.410	529.250
344.540	530.046
344.680	529.898
344.820	529.347
344.960	528.114
345.090	527.705
345.230	531.183
345.370	530.968
345.510	531.111
345.650	532.416
345.780	534.407
345.920	534.462
346.060	531.179
346.200	530.534
346.340	532.400
346.470	531.280
346.610	530.023
346.750	530.011
346.890	530.895
347.020	531.637
347.160	530.404
347.300	531.206
347.440	533.959
347.580	534.264
347.710	534.188
347.850	534.602
347.990	536.120
348.130	536.903
348.270	533.771
348.400	534.699
348.540	536.936
348.680	536.703
348.820	534.756
348.960	533.515
349.090	534.746
349.230	534.941
349.370	533.560
349.510	534.529
349.650	537.872
349.780	539.313
349.920	539.347
350.060	539.775
350.200	539.667
350.340	539.216
350.470	536.511
350.610	535.683
350.750	537.532
350.890	536.764
351.030	536.355
351.160	536.286
351.300	536.956
351.440	536.772
351.580	534.249
351.720	534.556
351.860	537.111
351.990	536.868
352.130	537.205
352.270	538.208
352.410	538.941
352.550	539.557
352.680	537.307
352.820	538.529
352.960	540.567
353.100	541.546
353.240	541.901
353.380	542.341
353.510	542.926
353.650	542.580
353.790	540.254
353.930	539.555
354.070	540.814
354.210	540.366
354.340	539.788
354.480	540.534
354.620	541.260
354.760	540.660
354.900	539.228
355.040	538.788
355.170	540.125
355.310	538.406
355.450	537.519
355.590	537.442
355.730	537.562
355.870	538.050
356.000	537.244
356.140	537.765
356.280	540.288
356.420	540.901
356.560	541.332
356.700	542.957
356.830	545.031
356.970	547.228
357.110	546.832
357.250	547.689
357.390	550.794
357.530	548.943
357.670	547.026
357.800	544.835
357.940	543.208
358.080	540.664
358.220	536.125
358.360	534.860
358.500	535.899
358.640	534.741
358.770	534.008
358.910	533.776
359.050	532.753
359.190	532.416
359.330	528.963
359.470	528.611
359.610	529.202
359.740	528.350
359.880	527.595
360.020	526.838
360.160	527.363
360.300	527.177
360.440	524.275
360.580	524.023
360.710	526.280
360.850	526.238
360.990	525.327
361.130	525.422
361.270	525.635
361.410	526.973
361.550	524.990
361.690	525.613
361.820	527.094
361.960	526.746
362.100	526.538
362.240	526.189
362.380	526.462
362.520	525.666
362.660	523.800
362.800	523.905
362.940	526.293
363.070	525.121
363.210	524.535
363.350	524.823
363.490	525.643
363.630	525.065
363.770	523.035
363.910	523.800
364.050	524.906
364.180	524.441
364.320	524.159
364.460	524.213
364.600	524.502
364.740	524.902
364.880	523.411
365.020	524.062
365.160	526.744
365.300	527.747
365.440	527.861
365.570	527.439
365.710	529.487
365.850	530.207
365.990	526.567
366.130	526.251
366.270	528.350
366.410	528.106
366.550	526.844
366.690	525.920
366.830	527.488
366.960	526.855
367.100	524.592
367.240	525.200
367.380	527.241
367.520	527.589
367.660	527.252
367.800	528.016
367.940	528.445
368.080	528.713
368.220	527.138
368.360	526.560
368.490	528.052
368.630	527.392
368.770	526.832
368.910	525.543
369.050	524.835
369.190	525.732
369.330	524.112
369.470	524.605
369.610	526.357
369.750	527.122
369.890	527.193
370.030	526.272
370.170	526.468
370.300	526.619
370.440	524.734
370.580	525.090
370.720	527.626
370.860	528.412
371.000	528.507
371.140	528.415
371.280	528.759
371.420	528.365
371.560	525.915
371.700	526.233
371.840	528.544
371.980	528.611
372.120	528.406
372.260	529.155
372.390	530.295
372.530	530.456
372.670	528.693
372.810	528.719
372.950	529.920
373.090	529.144
373.230	528.885
373.370	528.624
373.510	528.854
373.650	528.011
373.790	528.392
373.930	528.606
374.070	531.172
374.210	530.176
374.350	530.369
374.490	532.510
374.630	532.539
374.770	533.761
374.910	531.123
375.040	532.564
375.180	534.763
375.320	534.550
375.460	533.278
375.600	532.371
375.740	532.939
375.880	531.746
376.020	527.917
376.160	526.695
376.300	529.279
376.440	528.634
376.580	527.288
376.720	527.247
376.860	528.013
377.000	527.433
377.140	525.020
377.280	525.282
377.420	527.872
377.560	528.974
377.700	528.498
377.840	529.777
377.980	529.864
378.120	529.735
378.260	527.695
378.400	526.843
378.540	529.638
378.680	528.643
378.820	529.187
378.960	529.773
379.100	530.198
379.230	530.476
379.370	527.580
379.510	528.274
379.650	529.327
379.790	529.569
379.930	529.075
380.070	528.975
380.210	530.447
380.350	530.590
380.490	529.360
380.630	528.786
380.770	531.187
380.910	531.088
381.050	530.465
381.190	530.126
381.330	529.932
381.470	529.727
381.610	525.903
381.750	525.787
381.890	525.907
382.030	525.605
382.170	525.248
382.310	524.432
382.450	526.189
382.590	525.544
382.730	525.265
382.870	525.771
383.010	528.091
383.150	529.142
383.290	528.728
383.430	529.618
383.570	529.686
383.710	529.351
383.850	526.993
383.990	527.162
384.130	529.174
384.270	529.379
384.410	528.896
384.550	528.964
384.690	529.598
384.830	529.110
384.970	526.286
385.110	525.341
385.250	527.527
385.390	526.842
385.530	526.137
385.670	525.921
385.810	526.879
385.950	527.328
386.090	525.501
386.240	525.897
386.380	527.621
386.520	529.020
386.660	527.806
386.800	527.604
386.940	526.932
387.080	526.780
387.220	524.431
387.360	522.205
387.500	525.023
387.640	524.888
387.780	525.375
387.920	525.011
388.060	525.737
388.200	526.085
388.340	524.181
388.480	524.008
388.620	525.129
388.760	525.085
388.900	524.208
389.040	524.401
389.180	525.257
389.320	526.007
389.460	524.805
389.600	525.062
389.740	527.776
389.880	528.301
390.020	526.450
390.160	526.090
390.300	526.716
390.450	526.785
390.590	524.913
390.730	524.559
390.870	527.888
391.010	527.778
391.150	527.066
391.290	527.837
391.430	528.748
391.570	529.301
391.710	527.248
391.850	527.445
391.990	529.825
392.130	529.534
392.270	528.096
392.410	528.413
392.550	528.347
392.690	528.583
392.830	526.607
392.970	526.441
393.120	529.599
393.260	529.771
393.400	529.718
393.540	530.512
393.680	530.876
393.820	530.843
393.960	528.875
394.100	528.511
394.240	530.593
394.380	529.382
394.520	528.518
394.660	528.325
394.800	527.566
394.940	526.562
395.080	524.296
395.230	524.833
395.370	526.244
395.510	526.109
395.650	526.268
395.790	526.841
395.930	526.490
396.070	525.259
396.210	523.124
396.350	523.553
396.490	526.515
396.630	525.813
396.770	525.170
396.920	525.889
397.060	527.531
397.200	527.511
397.340	524.438
397.480	525.449
397.620	528.738
397.760	528.670
397.900	527.755
398.040	527.286
398.180	527.718
398.320	527.297
398.460	524.630
398.610	524.917
398.750	526.559
398.890	527.020
399.030	526.538
399.170	526.415
399.310	528.177
399.450	527.501
399.590	524.986
399.730	525.220
399.870	525.754
400.020	525.513
400.160	524.116
400.300	525.081
400.440	526.426
400.580	525.890
400.720	524.666
400.860	524.734
401.000	526.245
401.140	525.515
401.290	524.859
401.430	523.856
401.570	525.474
401.710	525.450
401.850	523.541
401.990	523.735
402.130	525.878
402.270	526.598
402.410	525.236
402.560	525.817
402.700	527.306
402.840	527.840
402.980	526.363
403.120	527.424
403.260	531.395
403.400	532.193
403.540	530.874
403.690	531.441
403.830	532.066
403.970	532.243
404.110	529.874
404.250	528.509
404.390	532.048
404.530	532.240
404.670	531.747
404.820	531.429
404.960	530.234
405.100	531.173
405.240	528.266
405.380	526.532
405.520	527.939
405.660	526.668
405.800	526.043
405.950	525.204
406.090	525.235
406.230	525.235
406.370	522.799
406.510	523.792
406.650	525.915
406.790	526.752
406.940	526.481
407.080	527.495
407.220	528.631
407.360	529.179
407.500	527.485
407.640	527.061
407.780	529.214
407.930	529.415
408.070	528.532
408.210	528.746
408.350	530.224
408.490	530.503
408.630	528.193
408.770	527.464
408.920	528.975
409.060	526.896
409.200	525.657
409.340	524.944
409.480	525.385
409.620	526.151
409.770	525.403
409.910	526.967
410.050	529.199
410.190	529.213
410.330	529.016
410.470	528.215
410.620	528.223
410.760	527.316
410.900	524.361
411.040	525.025
411.180	526.091
411.320	525.322
411.470	524.000
411.610	523.081
411.750	523.571
411.890	523.203
412.030	521.282
412.170	522.229
412.320	524.987
412.460	525.981
412.600	525.528
412.740	524.681
412.880	525.676
413.020	525.221
413.170	522.843
413.310	523.141
413.450	525.221
413.590	525.574
413.730	524.584
413.880	523.963
414.020	524.405
414.160	523.045
414.300	521.366
414.440	521.899
414.580	523.981
414.730	524.608
414.870	523.302
415.010	524.390
415.150	524.945
415.290	524.809
415.440	523.037
415.580	522.631
415.720	525.142
415.860	524.410
416.000	523.702
416.150	522.964
416.290	522.221
416.430	522.262
416.570	520.185
416.710	519.946
416.860	521.977
417.000	521.628
417.140	521.794
417.280	521.802
417.420	522.939
417.570	524.402
417.710	521.654
417.850	521.711
417.990	523.329
418.130	523.679
418.280	522.590
418.420	521.273
418.560	521.788
418.700	522.739
418.840	521.496
418.990	522.485
419.130	525.243
419.270	525.968
419.410	527.343
419.560	527.623
419.700	528.726
419.840	528.608
419.980	526.343
420.120	526.503
420.270	528.004
420.410	527.284
420.550	525.847
420.690	524.085
420.840	524.718
420.980	524.115
421.120	521.144
421.260	521.141
421.400	523.323
421.550	524.601
421.690	523.990
421.830	524.324
421.970	525.683
422.120	526.398
422.260	524.988
422.400	524.949
422.540	526.321
422.690	526.820
422.830	526.198
422.970	526.628
423.110	527.029
423.250	528.665
423.400	528.436
423.540	528.870
423.680	530.763
423.820	531.230
423.970	529.833
424.110	527.330
424.250	527.278
424.390	526.880
424.540	524.288
424.680	522.969
424.820	525.013
424.960	525.104
425.110	523.479
425.250	522.817
425.390	522.283
425.530	522.302
425.680	520.112
425.820	520.416
425.960	522.881
426.100	523.343
426.250	523.676
426.390	523.369
426.530	525.243
426.670	524.784
426.820	522.899
426.960	522.015
427.100	522.713
427.240	522.037
427.390	519.543
427.530	519.587
427.670	519.608
427.820	519.093
427.960	518.674
428.100	519.345
428.240	522.600
428.390	522.115
428.530	520.530
428.670	521.917
428.810	522.829
428.960	523.437
429.100	521.124
429.240	522.051
429.380	525.066
429.530	525.193
429.670	524.201
429.810	523.723
429.960	524.749
430.100	524.180
430.240	522.772
430.380	522.343
430.530	524.434
430.670	524.038
430.810	523.306
430.960	523.551
431.100	524.539
431.240	524.070
431.380	522.606
431.530	522.570
431.670	524.507
431.810	525.003
431.960	522.624
432.100	523.508
432.240	522.848
432.380	522.420
432.530	519.888
432.670	519.011
432.810	522.458
432.960	520.901
433.100	519.813
433.240	521.140
433.380	521.389
433.530	523.138
433.670	520.469
433.810	521.573
433.960	525.113
434.100	524.331
434.240	524.960
434.390	524.516
434.530	525.872
434.670	526.143
434.810	523.287
434.960	523.930
435.100	526.416
435.240	526.014
435.390	524.292
435.530	523.880
435.670	524.908
435.820	524.428
435.960	520.764
436.100	520.340
436.250	521.179
436.390	520.138
436.530	518.960
436.680	518.014
436.820	519.023
436.960	518.950
437.100	517.434
437.250	518.483
437.390	520.825
437.530	521.722
437.680	521.424
437.820	521.087
437.960	522.417
438.110	522.575
438.250	520.316
438.390	519.959
438.540	521.983
438.680	521.992
438.820	520.698
438.970	521.289
439.110	521.593
439.250	522.116
439.400	519.960
439.540	520.054
439.680	523.457
439.830	523.290
439.970	523.754
440.110	523.320
440.260	524.606
440.400	524.797
440.540	522.670
440.690	522.092
440.830	523.072
440.970	523.851
441.120	522.860
441.260	522.725
441.400	522.942
441.550	522.684
441.690	521.576
441.830	521.066
441.980	523.154
442.120	523.312
442.260	522.519
442.410	522.661
442.550	523.045
442.690	523.126
442.840	520.770
442.980	521.337
443.130	523.756
443.270	524.051
443.410	523.665
443.560	523.578
443.700	524.848
443.840	524.699
443.990	522.667
444.130	521.537
444.270	522.718
444.420	522.317
444.560	520.651
444.700	520.379
444.850	520.211
444.990	520.090
445.140	518.150
445.280	518.684
445.420	519.782
445.570	519.138
445.710	518.744
445.850	520.253
446.000	520.589
446.140	520.183
446.290	518.759
446.430	519.580
446.570	522.687
446.720	521.701
446.860	521.367
447.000	521.183
447.150	521.936
447.290	521.751
447.440	518.102
447.580	517.887
447.720	519.598
447.870	519.496
448.010	518.917
448.150	519.582
448.300	521.136
448.440	520.694
448.590	518.470
448.730	518.444
448.870	522.413
449.020	521.573
449.160	520.945
449.300	521.961
449.450	523.416
449.590	523.117
449.740	519.243
449.880	519.596
450.020	520.956
450.170	520.989
450.310	519.483
450.460	520.402
450.600	520.680
450.740	519.871
450.890	518.053
451.030	517.795
451.180	520.526
451.320	519.741
451.460	519.520
451.610	520.194
451.750	520.527
451.900	520.669
452.040	518.314
452.180	517.761
452.330	519.399
452.470	518.303
452.620	517.895
452.760	517.733
452.900	517.363
453.050	517.452
453.190	514.827
453.340	514.376
453.480	516.153
453.630	515.332
453.770	515.178
453.910	516.158
454.060	517.475
454.200	517.481
454.350	514.378
454.490	514.661
454.630	516.086
454.780	515.171
454.920	513.738
455.070	514.540
455.210	517.016
455.360	517.498
455.500	516.731
455.640	516.853
455.790	520.685
455.930	520.738
456.080	519.830
456.220	519.074
456.370	520.394
456.510	521.274
456.650	517.567
456.800	517.730
456.940	520.274
457.090	520.685
457.230	518.125
457.380	518.575
457.520	520.628
457.660	520.988
457.810	517.521
457.950	518.143
458.100	521.652
458.240	521.029
458.390	519.973
458.530	519.821
458.680	521.981
458.820	521.091
458.960	518.773
459.110	518.303
459.250	519.926
459.400	519.486
459.540	517.033
459.690	517.938
459.830	518.594
459.980	519.022
460.120	518.158
460.260	518.133
460.410	522.343
460.550	522.542
460.700	521.821
460.840	521.904
460.990	522.177
461.130	522.621
461.280	519.819
461.420	519.264
461.570	521.691
461.710	520.767
461.850	520.042
462.000	519.896
462.140	520.238
462.290	520.394
462.430	517.788
462.580	518.768
462.720	519.738
462.870	519.515
463.010	518.530
463.160	518.641
463.300	520.189
463.450	520.760
463.590	519.390
463.740	520.031
463.880	522.590
464.020	522.042
464.170	521.301
464.310	520.437
464.460	521.157
464.600	521.343
464.750	519.631
464.890	519.716
465.040	522.843
465.180	522.910
465.330	522.778
465.470	523.064
465.620	523.766
465.760	524.962
465.910	522.688
466.050	523.381
466.200	525.510
466.340	525.193
466.490	525.130
466.630	525.761
466.780	526.219
466.920	526.752
467.070	525.247
467.210	525.303
467.360	527.239
467.500	526.275
467.650	524.966
467.790	523.792
467.940	522.919
468.080	522.422
468.230	519.627
468.370	519.548
468.520	521.348
468.660	521.369
468.810	521.346
468.950	521.043
469.100	520.426
469.240	520.099
469.390	517.696
469.530	517.009
469.680	519.373
469.820	519.100
469.970	519.458
470.110	518.025
470.260	519.273
470.400	519.098
470.550	517.345
470.690	517.019
470.840	519.238
470.980	519.840
471.130	519.175
471.270	519.346
471.420	517.974
471.560	518.236
471.710	515.812
471.850	516.223
472.000	517.297
472.140	516.898
472.290	517.479
472.430	517.687
472.580	518.292
472.720	518.139
472.870	516.477
473.010	518.629
473.160	519.566
473.300	519.782
473.450	519.451
473.590	519.579
473.740	520.263
473.890	519.269
474.030	518.080
474.180	518.299
474.320	520.504
474.470	521.419
474.610	521.181
474.760	522.182
474.900	523.466
475.050	523.149
475.190	520.407
475.340	520.335
475.480	522.103
475.630	521.444
475.770	519.840
475.920	520.044
476.070	521.512
476.210	521.018
476.360	519.289
476.500	518.683
476.650	521.965
476.790	524.118
476.940	523.300
477.080	523.076
477.230	523.201
477.370	523.443
477.520	522.119
477.670	521.384
477.810	524.053
477.960	524.619
478.100	524.092
478.250	524.592
478.390	524.119
478.540	522.208
478.680	518.426
478.830	517.549
478.980	519.103
479.120	518.998
479.270	517.404
479.410	518.071
479.560	519.047
479.700	520.229
479.850	518.571
479.990	517.354
480.140	520.262
480.290	519.710
480.430	519.062
480.580	519.128
480.720	519.854
480.870	521.195
481.010	518.958
481.160	519.649
481.310	521.950
481.450	521.191
481.600	520.796
481.740	519.958
481.890	520.343
482.030	519.561
482.180	517.048
482.330	517.847
482.470	518.568
482.620	519.351
482.760	518.204
482.910	518.265
483.060	519.923
483.200	519.184
483.350	517.597
483.490	517.257
483.640	519.950
483.780	520.263
483.930	519.684
484.080	520.025
484.220	520.725
484.370	521.883
484.510	520.370
484.660	521.658
484.810	525.183
484.950	525.688
485.100	527.325
485.240	527.153
485.390	528.206
485.540	527.840
485.680	525.147
485.830	525.007
485.970	527.038
486.120	526.709
486.270	525.718
486.410	526.239
486.560	526.749
486.700	527.247
486.850	524.232
487.000	523.954
487.140	525.938
487.290	525.374
487.430	524.335
487.580	523.803
487.730	524.742
487.870	523.956
488.020	521.333
488.160	520.721
488.310	521.382
488.460	520.951
488.600	519.171
488.750	519.533
488.890	519.858
489.040	519.849
489.190	518.829
489.330	517.806
489.480	520.349
489.630	519.764
489.770	518.822
489.920	518.707
490.060	518.271
490.210	518.520
490.360	516.273
490.500	516.755
490.650	519.636
490.790	519.278
490.940	519.179
491.090	519.774
491.230	520.419
491.380	520.949
491.530	519.081
491.670	520.198
491.820	521.887
491.970	521.772
492.110	521.054
492.260	520.718
492.400	522.407
492.550	522.584
492.700	521.027
492.840	520.881
492.990	523.509
493.140	523.790
493.280	521.891
493.430	521.517
493.580	522.609
493.720	523.111
493.870	520.704
494.010	519.952
494.160	523.162
494.310	523.401
494.450	522.576
494.600	521.530
494.750	522.161
494.890	522.493
495.040	519.595
495.190	519.269
495.330	522.498
495.480	523.906
495.630	523.109
495.770	523.228
495.920	524.355
496.070	524.008
496.210	520.454
496.360	519.898
496.510	520.584
496.650	519.502
496.800	516.691
496.940	515.268
497.090	514.494
497.240	514.070
497.380	512.624
497.530	512.538
497.680	516.759
497.820	517.768
497.970	518.786
498.120	519.606
498.260	520.458
498.410	521.505
498.560	518.139
498.700	518.372
498.850	519.723
499.000	519.071
499.140	518.507
499.290	518.365
499.440	519.404
499.590	519.828
499.730	517.780
499.880	517.965
500.030	520.040
500.170	519.699
500.320	519.358
500.470	518.779
500.610	519.882
500.760	519.589
500.910	517.583
501.050	517.895
501.200	517.696
501.350	517.249
501.490	515.898
501.640	515.276
501.790	515.894
501.930	515.205
502.080	514.561
502.230	515.573
502.370	518.378
502.520	518.672
502.670	518.115
502.820	519.211
502.960	520.319
503.110	519.912
503.260	518.005
503.400	518.284
503.550	520.218
503.700	519.502
503.840	518.597
503.990	518.018
504.140	519.213
504.290	520.235
504.430	518.711
504.580	519.121
504.730	522.300
504.870	522.707
505.020	521.638
505.170	521.033
505.310	521.598
505.460	521.988
505.610	518.884
505.760	518.910
505.900	519.823
506.050	519.835
506.200	519.386
506.340	519.104
506.490	520.125
506.640	520.254
506.790	518.895
506.930	518.407
507.080	520.295
507.230	520.346
507.370	519.310
507.520	519.134
507.670	520.607
507.820	521.909
507.960	519.352
508.110	518.890
508.260	521.961
508.400	522.033
508.550	520.893
508.700	519.329
508.850	520.084
508.990	519.981
509.140	516.792
509.290	517.479
509.440	520.368
509.580	520.162
509.730	520.059
509.880	520.873
510.030	522.938
510.170	522.539
510.320	519.890
510.470	520.398
510.610	521.348
510.760	520.561
510.910	518.615
511.060	518.597
511.200	519.099
511.350	518.460
511.500	516.792
511.650	516.615
511.790	519.227
511.940	518.662
512.090	517.734
512.240	517.402
512.380	518.407
512.530	518.887
512.680	516.224
512.830	515.973
512.970	518.593
513.120	519.909
513.270	519.417
513.420	519.620
513.560	521.166
513.710	522.660
513.860	520.261
514.010	519.533
514.150	522.464
514.300	522.054
514.450	520.695
514.600	519.574
514.740	520.186
514.890	520.694
515.040	516.997
515.190	517.317
515.330	519.176
515.480	519.004
515.630	518.662
515.780	518.802
515.930	520.652
516.070	520.885
516.220	519.090
516.370	519.781
516.520	521.211
516.660	520.914
516.810	519.704
516.960	519.270
517.110	520.031
517.250	520.198
517.400	518.937
517.550	519.219
517.700	522.828
517.850	522.278
517.990	521.871
518.140	522.367
518.290	521.905
518.440	521.479
518.580	518.655
518.730	519.353
518.880	521.664
519.030	521.208
519.180	521.262
519.320	522.178
519.470	521.822
519.620	522.435
519.770	519.756
519.920	519.372
520.060	519.769
520.210	518.551
520.360	517.785
520.510	517.829
520.650	519.099
520.800	518.194
520.950	518.026
521.100	518.812
521.250	522.579
521.390	522.347
521.540	520.779
521.690	521.505
521.840	521.498
521.990	521.228
522.130	516.823
522.280	515.977
522.430	518.492
522.580	518.201
522.730	517.353
522.870	516.676
523.020	518.227
523.170	517.535
523.320	515.671
523.470	515.008
523.620	517.583
523.760	518.048
523.910	516.639
524.060	517.340
524.210	517.607
524.360	518.436
524.500	516.488
524.650	516.812
524.800	519.781
524.950	520.010
525.100	519.629
525.240	519.846
525.390	520.477
525.540	520.589
525.690	518.112
525.840	517.618
525.990	520.060
526.130	520.336
526.280	518.570
526.430	517.477
526.580	518.213
526.730	518.148
526.880	514.895
527.020	514.646
527.170	517.170
527.320	517.639
527.470	516.711
527.620	517.322
527.770	518.427
527.910	517.495
528.060	516.673
528.210	517.575
528.360	519.968
528.510	520.874
528.660	520.475
528.800	521.683
528.950	521.490
529.100	520.674
529.250	519.031
529.400	518.754
529.550	519.504
529.690	519.426
529.840	517.822
529.990	517.328
530.140	518.539
530.290	517.082
530.440	516.002
530.580	515.437
530.730	518.315
530.880	519.313
531.030	517.947
531.180	518.555
531.330	519.463
531.480	520.737
531.620	518.282
531.770	518.151
531.920	519.968
532.070	519.551
532.220	518.809
532.370	517.622
532.520	517.844
532.660	517.099
532.810	515.295
532.960	515.928
533.110	517.908
533.260	518.544
533.410	518.696
533.560	519.435
533.710	520.473
533.850	520.157
534.000	518.783
534.150	518.393
534.300	521.159
534.450	520.415
534.600	519.307
534.750	520.274
534.890	520.509
535.040	520.627
535.190	518.218
535.340	519.226
535.490	521.518
535.640	520.385
535.790	519.506
535.940	519.270
536.080	519.822
536.230	519.072
536.380	516.783
536.530	517.684
536.680	519.063
536.830	518.372
536.980	517.503
537.130	517.324
537.280	517.731
537.420	516.653
537.570	514.295
537.720	515.052
537.870	517.670
538.020	517.972
538.170	517.087
538.320	517.942
538.470	519.602
538.620	519.905
538.760	517.797
538.910	518.545
539.060	519.059
539.210	518.677
539.360	517.403
539.510	517.694
539.660	518.453
539.810	517.799
539.960	517.801
540.110	518.025
540.250	521.603
540.400	521.031
540.550	520.447
540.700	520.341
540.850	521.604
541.000	521.038
541.150	517.957
541.300	516.719
541.450	518.150
541.600	518.283
541.740	516.681
541.890	517.190
542.040	517.668
542.190	518.395
542.340	515.903
542.490	515.824
542.640	518.116
542.790	517.900
542.940	517.496
543.090	517.438
543.240	519.415
543.390	519.343
543.530	516.312
543.680	516.131
543.830	518.817
543.980	518.870
544.130	516.769
544.280	516.781
544.430	517.204
544.580	517.104
544.730	513.954
544.880	514.211
545.030	517.270
545.180	517.665
545.330	518.308
545.480	519.134
545.620	519.614
545.770	519.956
545.920	517.929
546.070	517.406
546.220	519.288
546.370	518.204
546.520	516.958
546.670	516.739
546.820	516.108
546.970	515.779
547.120	513.343
547.270	512.907
547.420	516.072
547.570	514.935
547.720	514.629
547.870	514.435
548.010	514.870
548.160	516.064
548.310	513.585
548.460	513.751
548.610	514.951
548.760	515.991
548.910	515.781
549.060	515.016
549.210	516.043
549.360	516.091
549.510	515.169
549.660	515.080
549.810	518.107
549.960	518.464
550.110	517.524
550.260	518.941
550.410	519.636
550.560	520.272
550.710	517.519
550.860	517.229
551.010	520.669
551.160	518.961
551.300	518.430
551.450	518.003
551.600	518.572
551.750	519.114
551.900	516.323
552.050	518.372
552.200	521.682
552.350	521.740
552.500	520.861
552.650	520.513
552.800	521.289
552.950	520.386
553.100	516.723
553.250	515.824
553.400	517.410
553.550	517.851
553.700	517.156
553.850	517.223
554.000	517.349
554.150	517.763
554.300	515.709
554.450	514.996
554.600	516.583
554.750	516.550
554.900	516.564
555.050	515.975
555.200	517.517
555.350	517.657
555.500	515.999
555.650	515.136
555.800	517.527
555.950	517.575
556.100	516.004
556.250	516.058
556.400	516.340
556.550	517.426
556.700	515.433
556.850	516.603
557.000	519.819
557.150	519.605
557.300	518.958
557.450	518.362
557.600	518.619
557.750	518.132
557.900	515.372
558.050	515.429
558.200	516.260
558.350	516.055
558.500	516.199
558.650	516.765
558.800	518.438
558.950	518.647
559.100	518.248
559.250	519.564
559.400	521.674
559.550	521.115
559.700	520.316
559.850	521.044
560.000	522.378
560.150	521.258
560.300	518.501
560.450	518.242
560.600	519.405
560.750	519.626
560.900	518.003
561.050	518.310
561.200	518.555
561.350	519.458
561.500	518.851
561.650	517.845
561.800	520.710
561.950	520.349
562.100	520.637
562.250	520.395
562.400	519.698
562.550	521.903
562.700	518.961
562.850	519.923
563.000	521.816
563.150	521.222
563.300	521.238
563.450	519.535
563.600	519.458
563.750	519.296
563.900	517.396
564.050	518.183
564.200	519.723
564.350	518.851
564.500	518.393
564.660	518.811
564.810	519.599
564.960	518.449
565.110	515.960
565.260	516.981
565.410	519.691
565.560	518.767
565.710	517.804
565.860	518.281
566.010	519.578
566.160	520.043
566.310	518.156
566.460	518.486
566.610	521.666
566.760	522.082
566.910	521.762
567.060	521.384
567.210	522.435
567.360	523.692
567.510	520.945
567.660	521.350
567.810	521.597
567.970	521.506
568.120	520.584
568.270	519.167
568.420	518.412
568.570	517.737
568.720	517.095
568.870	517.319
569.020	521.323
569.170	523.384
569.320	525.064
569.470	526.228
569.620	528.254
569.770	529.126
569.920	526.307
570.070	525.705
570.220	527.159
570.380	526.747
570.530	525.957
570.680	526.026
570.830	525.614
570.980	524.922
571.130	522.768
571.280	522.099
571.430	523.872
571.580	523.131
571.730	522.193
571.880	521.750
572.030	522.358
572.180	522.119
572.340	519.203
572.490	519.794
572.640	522.136
572.790	522.059
572.940	520.749
573.090	520.562
573.240	521.596
573.390	520.388
573.540	517.453
573.690	516.753
573.840	518.607
573.990	518.455
574.150	516.810
574.300	516.868
574.450	517.805
574.600	518.025
574.750	515.382
574.900	515.007
575.050	517.033
575.200	517.156
575.350	516.990
575.500	517.957
575.650	519.511
575.810	521.008
575.960	518.771
576.110	518.430
576.260	520.079
576.410	519.352
576.560	518.426
576.710	518.230
576.860	518.897
577.010	519.458
577.160	517.115
577.320	517.706
577.470	519.801
577.620	518.511
577.770	518.286
577.920	517.748
578.070	519.326
578.220	518.287
578.370	516.318
578.520	517.472
578.680	520.710
578.830	521.047
578.980	519.696
579.130	520.079
579.280	521.248
579.430	521.484
579.580	518.580
579.730	519.370
579.890	521.397
580.040	521.183
580.190	520.049
580.340	519.083
580.490	519.477
580.640	519.279
580.790	517.896
580.940	518.594
581.100	522.448
581.250	522.531
581.400	521.826
581.550	520.962
581.700	522.276
581.850	522.367
582.000	519.080
582.150	520.456
582.310	523.475
582.460	523.970
582.610	521.964
582.760	521.178
582.910	520.884
583.060	519.618
583.210	517.009
583.370	516.730
583.520	518.990
583.670	518.920
583.820	518.295
583.970	518.092
584.120	517.977
584.270	516.988
584.430	514.274
584.580	514.501
584.730	516.447
584.880	516.513
585.030	516.424
585.180	517.357
585.330	519.009
585.490	519.355
585.640	517.732
585.790	518.166
585.940	522.300
586.090	522.721
586.240	523.022
586.390	524.593
586.550	526.276
586.700	527.805
586.850	525.685
587.000	527.636
587.150	534.988
587.300	565.642
587.460	632.681
587.610	712.376
587.760	793.737
587.910	879.979
588.060	973.647
588.210	1048.315
588.370	1083.860
588.520	1095.494
588.670	1098.543
588.820	1092.542
588.970	1067.526
589.120	1031.268
589.280	991.084
589.430	960.086
589.580	932.627
589.730	902.548
589.880	874.140
590.030	848.747
590.190	827.171
590.340	804.561
590.490	781.548
590.640	763.777
590.790	751.004
590.950	736.066
591.100	721.190
591.250	709.266
591.400	704.092
591.550	697.295
591.700	685.275
591.860	676.118
592.010	670.883
592.160	661.819
592.310	645.219
592.460	629.672
592.620	616.510
592.770	603.826
592.920	588.375
593.070	575.191
593.220	567.504
593.380	558.080
593.530	549.902
593.680	542.655
593.830	537.793
593.980	534.939
594.140	528.488
594.290	526.047
594.440	525.477
594.590	524.378
594.740	522.240
594.900	519.846
595.050	520.484
595.200	519.558
595.350	517.949
595.500	516.978
595.660	519.155
595.810	518.911
595.960	518.236
596.110	517.550
596.260	517.326
596.420	517.613
596.570	515.077
596.720	514.413
596.870	514.560
597.020	515.304
597.180	515.092
597.330	515.060
597.480	515.023
597.630	514.724
597.790	514.383
597.940	514.025
598.090	515.784
598.240	515.605
598.390	516.023
598.550	517.222
598.700	517.334
598.850	518.396
599.000	516.039
599.160	515.508
599.310	516.877
599.460	516.292
599.610	515.248
599.760	514.854
599.920	516.442
600.070	517.118
600.220	515.851
600.370	516.032
600.530	521.050
600.680	520.793
600.830	519.763
600.980	520.668
601.140	520.947
601.290	521.397
601.440	516.895
601.590	517.074
601.750	518.206
601.900	516.972
602.050	514.806
602.200	514.220
602.360	514.525
602.510	513.738
602.660	511.857
602.810	511.828
602.960	514.836
603.120	515.176
603.270	514.489
603.420	514.647
603.570	514.532
603.730	514.277
603.880	512.258
604.030	512.746
604.180	515.139
604.340	513.733
604.490	514.809
604.640	515.455
604.800	515.890
604.950	514.749
605.100	512.618
605.250	513.604
605.410	514.449
605.560	513.975
605.710	513.220
605.860	512.933
606.020	513.098
606.170	512.894
606.320	510.217
606.470	510.843
606.630	513.030
606.780	513.287
606.930	512.782
607.080	513.409
607.240	513.920
607.390	513.679
607.540	511.018
607.700	510.878
607.850	514.498
608.000	515.019
608.150	515.025
608.310	514.780
608.460	516.256
608.610	516.853
608.760	513.931
608.920	513.032
609.070	515.850
609.220	516.335
609.380	515.815
609.530	515.594
609.680	516.083
609.830	517.025
609.990	514.077
610.140	514.826
610.290	517.772
610.450	518.008
610.600	517.692
610.750	518.107
610.900	520.807
611.060	521.676
611.210	519.811
611.360	521.472
611.520	524.712
611.670	527.178
611.820	526.758
611.970	526.944
612.130	528.222
612.280	529.935
612.430	529.509
612.590	528.946
612.740	532.029
612.890	533.034
613.050	533.099
613.200	532.951
613.350	532.299
613.500	532.123
613.660	529.875
613.810	528.911
613.960	530.521
614.120	529.126
614.270	527.843
614.420	528.020
614.580	527.497
614.730	527.536
614.880	525.217
615.040	525.742
615.190	529.297
615.340	529.133
615.500	529.230
615.650	529.962
615.800	531.361
615.950	532.376
616.110	530.174
616.260	530.493
616.410	532.639
616.570	532.845
616.720	532.811
616.870	533.555
617.030	536.108
617.180	536.881
617.330	536.936
617.490	537.706
617.640	540.664
617.790	540.240
617.950	539.541
618.100	539.611
618.250	539.087
618.410	539.378
618.560	536.733
618.710	536.244
618.870	537.649
619.020	537.332
619.170	537.038
619.330	536.383
619.480	536.820
619.630	537.979
619.790	535.468
619.940	536.760
620.090	539.499
620.250	539.614
620.400	539.060
620.550	538.604
620.710	538.812
620.860	537.282
621.010	535.392
621.170	534.723
621.320	536.090
621.470	535.131
621.630	534.481
621.780	534.187
621.930	532.988
622.090	532.949
622.240	530.878
622.400	530.155
622.550	532.243
622.700	532.218
622.860	531.736
623.010	531.701
623.160	532.303
623.320	532.309
623.470	529.611
623.620	529.128
623.780	530.427
623.930	529.175
624.080	528.301
624.240	528.367
624.390	529.075
624.550	529.033
624.700	527.769
624.850	527.803
625.010	529.739
625.160	529.539
625.310	528.229
625.470	528.080
625.620	527.417
625.770	527.943
625.930	525.694
626.080	524.315
626.240	525.167
626.390	524.641
626.540	524.058
626.700	523.101
626.850	522.874
627.000	523.391
627.160	521.626
627.310	520.925
627.470	522.483
627.620	521.772
627.770	521.371
627.930	521.818
628.080	522.490
628.230	522.647
628.390	520.763
628.540	521.575
628.700	524.377
628.850	523.743
629.000	523.352
629.160	523.603
629.310	524.311
629.470	524.497
629.620	522.335
629.770	522.764
629.930	525.075
630.080	523.452
630.240	522.660
630.390	522.940
630.540	523.319
630.700	522.335
630.850	520.563
631.010	522.040
631.160	524.264
631.310	523.799
631.470	522.657
631.620	523.416
631.780	523.501
631.930	522.994
632.080	520.071
632.240	518.732
632.390	520.643
632.550	520.002
632.700	519.047
632.850	520.151
633.010	521.258
633.160	522.925
633.320	519.701
633.470	519.521
633.620	522.298
633.780	520.241
633.930	519.595
634.090	519.179
634.240	520.377
634.390	520.766
634.550	518.046
634.700	518.314
634.860	520.473
635.010	519.688
635.170	519.714
635.320	519.340
635.470	519.585
635.630	520.098
635.780	517.565
635.940	517.377
636.090	518.011
636.250	518.196
636.400	517.716
636.550	517.475
636.710	517.877
636.860	517.544
637.020	515.987
637.170	515.609
637.330	517.950
637.480	517.623
637.630	517.489
637.790	517.772
637.940	519.633
638.100	519.148
638.250	517.302
638.410	517.260
638.560	518.917
638.710	519.170
638.870	518.299
639.020	519.346
639.180	519.943
639.330	521.049
639.490	519.556
639.640	519.369
639.800	521.352
639.950	521.258
640.100	520.318
640.260	520.069
640.410	520.421
640.570	520.030
640.720	517.591
640.880	517.496
641.030	519.613
641.190	519.264
641.340	518.919
641.500	519.474
641.650	519.736
641.800	519.967
641.960	517.082
642.110	516.448
642.270	517.792
642.420	516.732
642.580	516.796
642.730	516.487
642.890	517.101
643.040	517.351
643.200	514.949
643.350	515.904
643.500	517.326
643.660	517.939
643.810	517.691
643.970	517.677
644.120	519.442
644.280	518.918
644.430	516.201
644.590	515.764
644.740	518.464
644.900	518.841
645.050	517.293
645.210	518.064
645.360	518.591
645.520	518.213
645.670	515.657
645.830	515.399
645.980	517.389
646.140	516.702
646.290	516.784
646.440	516.489
646.600	516.188
646.750	516.245
646.910	514.478
647.060	513.446
647.220	515.649
647.370	516.170
647.530	516.258
647.680	516.857
647.840	517.776
647.990	518.932
648.150	517.610
648.300	517.319
648.460	519.690
648.610	519.066
648.770	518.127
648.920	519.053
649.080	517.421
649.230	516.862
649.390	513.745
649.540	513.731
649.700	516.243
649.850	515.278
650.010	516.793
650.160	518.043
650.320	520.052
650.470	519.999
650.630	518.003
650.780	517.942
650.940	519.121
651.090	518.249
651.250	516.769
651.400	517.609
651.560	518.011
651.710	518.410
651.870	516.898
652.020	516.974
652.180	518.930
652.330	517.548
652.490	517.277
652.640	517.179
652.800	516.797
652.950	516.535
653.110	513.688
653.260	514.171
653.420	515.685
653.570	515.031
653.730	514.100
653.890	515.271
654.040	516.787
654.200	517.599
654.350	514.851
654.510	516.330
654.660	520.550
654.820	522.081
654.970	524.178
655.130	527.232
655.280	530.926
655.440	533.639
655.590	533.673
655.750	534.956
655.900	536.969
656.060	535.170
656.210	535.438
656.370	533.876
656.520	532.828
656.680	531.084
656.840	528.840
656.990	528.901
657.150	530.226
657.300	529.600
657.460	528.500
657.610	528.997
657.770	528.797
657.920	527.857
658.080	524.745
658.230	524.876
658.390	527.116
658.550	526.933
658.700	525.510
658.860	525.700
659.010	526.032
659.170	525.195
659.320	523.071
659.480	521.781
659.630	523.816
659.790	522.820
659.940	522.781
660.100	524.215
660.260	524.089
660.410	524.084
660.570	522.372
660.720	522.272
660.880	522.931
661.030	522.103
661.190	520.399
661.340	519.476
661.500	520.697
661.660	520.805
661.810	518.570
661.970	517.674
662.120	519.949
662.280	520.049
662.430	517.523
662.590	517.941
662.750	518.387
662.900	516.682
663.060	514.253
663.210	513.053
663.370	514.962
663.520	513.588
663.680	512.171
663.840	513.119
663.990	513.745
664.150	514.255
664.300	512.141
664.460	512.092
664.610	515.350
664.770	514.994
664.930	514.529
665.080	515.193
665.240	516.048
665.390	516.326
665.550	514.155
665.700	514.543
665.860	516.533
666.020	515.624
666.170	515.905
666.330	516.512
666.480	516.150
666.640	515.886
666.800	514.604
666.950	515.094
667.110	517.522
667.260	516.104
667.420	516.296
667.580	517.277
667.730	517.842
667.890	518.108
668.040	514.960
668.200	515.740
668.360	518.362
668.510	517.867
668.670	517.276
668.820	517.470
668.980	518.488
669.140	519.345
669.290	516.983
669.450	517.587
669.600	520.250
669.760	520.426
669.920	519.554
670.070	519.281
670.230	519.912
670.380	519.263
670.540	517.243
670.700	517.378
670.850	519.386
671.010	519.472
671.160	517.804
671.320	518.850
671.480	518.593
671.630	518.223
671.790	517.316
671.940	517.598
672.100	520.816
672.260	519.879
672.410	519.038
672.570	519.816
672.730	520.056
672.880	520.131
673.040	518.365
673.190	518.887
673.350	521.434
673.510	520.554
673.660	519.393
673.820	520.069
673.980	519.876
674.130	519.635
674.290	517.517
674.440	517.485
674.600	519.482
674.760	518.810
674.910	519.294
675.070	519.979
675.230	520.188
675.380	521.647
675.540	519.417
675.700	518.902
675.850	518.543
676.010	518.177
676.160	518.321
676.320	517.582
676.480	517.884
676.630	518.537
676.790	518.458
676.950	518.693
677.100	520.801
677.260	521.204
677.420	521.663
677.570	521.292
677.730	522.322
677.890	521.995
678.040	520.200
678.200	519.424
678.350	521.552
678.510	521.626
678.670	520.198
678.820	520.685
678.980	521.209
679.140	521.343
679.290	519.750
679.450	520.068
679.610	523.284
679.760	523.024
679.920	521.419
680.080	521.584
680.230	521.845
680.390	521.177
680.550	518.596
680.700	518.468
680.860	521.451
681.020	521.617
681.170	521.240
681.330	522.348
681.490	522.215
681.640	521.876
681.800	519.638
681.960	519.028
682.110	519.942
682.270	519.669
682.430	519.500
682.580	520.116
682.740	519.514
682.900	520.668
683.050	519.744
683.210	519.322
683.370	521.440
683.520	521.351
683.680	521.432
683.840	520.826
683.990	520.459
684.150	520.272
684.310	518.391
684.460	517.579
684.620	519.459
684.780	518.795
684.940	517.673
685.090	517.255
685.250	516.631
685.410	517.331
685.560	514.253
685.720	514.493
685.880	516.000
686.030	516.040
686.190	515.417
686.350	514.463
686.500	515.461
686.660	515.552
686.820	514.253
686.980	514.166
687.130	517.290
687.290	517.934
687.450	519.216
687.600	519.857
687.760	521.282
687.920	522.130
688.070	519.231
688.230	519.044
688.390	520.722
688.550	520.258
688.700	519.749
688.860	520.418
689.020	522.080
689.170	523.158
689.330	520.733
689.490	520.765
689.640	523.469
689.800	522.799
689.960	521.673
690.120	521.308
690.270	521.861
690.430	522.594
690.590	520.149
690.740	520.520
690.900	522.280
691.060	522.270
691.220	521.798
691.370	521.176
691.530	520.751
691.690	520.695
691.840	518.541
692.000	517.949
692.160	520.694
692.320	520.005
692.470	519.677
692.630	518.937
692.790	519.484
692.950	520.586
693.100	518.170
693.260	518.539
693.420	520.269
693.570	519.872
693.730	520.367
693.890	519.341
694.050	519.526
694.200	519.274
694.360	518.210
694.520	519.193
694.680	520.725
694.830	521.893
694.990	521.084
695.150	522.003
695.310	522.560
695.460	523.080
695.620	520.647
695.780	519.877
695.940	520.471
696.090	519.736
696.250	518.381
696.410	517.742
696.570	518.530
696.720	518.497
696.880	517.528
697.040	517.748
697.200	520.925
697.350	520.156
697.510	518.719
697.670	517.885
697.830	519.323
697.980	518.573
698.140	515.436
698.300	515.579
698.460	518.274
698.610	518.914
698.770	518.100
698.930	518.946
699.090	520.244
699.240	521.872
699.400	519.527
699.560	521.367
699.720	525.563
699.870	525.832
700.030	524.953
700.190	524.614
700.350	527.125
700.500	526.134
700.660	523.205
700.820	522.983
700.980	525.628
701.140	524.678
701.290	522.815
701.450	522.667
701.610	522.476
701.770	522.671
701.920	520.023
702.080	520.508
702.240	522.231
702.400	521.641
702.550	520.888
702.710	520.435
702.870	520.832
703.030	520.956
703.190	518.502
703.340	518.027
703.500	519.605
703.660	519.321
703.820	518.575
703.980	518.367
704.130	520.447
704.290	520.927
704.450	519.073
704.610	520.320
704.760	523.244
704.920	523.324
705.080	521.703
705.240	521.661
705.400	522.555
705.550	522.394
705.710	519.861
705.870	519.631
706.030	520.500
706.190	521.618
706.340	520.433
706.500	519.554
706.660	520.251
706.820	520.099
706.980	519.437
707.130	518.471
707.290	521.013
707.450	521.091
707.610	520.193
707.770	521.564
707.920	521.592
708.080	521.884
708.240	519.388
708.400	519.621
708.560	522.865
708.710	521.217
708.870	521.305
709.030	521.071
709.190	521.925
709.350	522.246
709.510	518.564
709.660	519.107
709.820	522.325
709.980	522.412
710.140	521.804
710.300	522.158
710.450	524.241
710.610	523.739
710.770	520.687
710.930	520.498
711.090	523.271
711.250	522.323
711.400	520.555
711.560	522.009
711.720	523.444
711.880	524.105
712.040	522.089
712.190	523.680
712.350	526.724
712.510	526.304
712.670	525.470
712.830	525.322
712.990	525.638
713.140	524.517
713.300	521.838
713.460	521.632
713.620	523.424
713.780	523.642
713.940	522.047
714.090	521.324
714.250	522.073
714.410	522.424
714.570	520.179
714.730	519.809
714.890	523.205
715.050	524.209
715.200	523.833
715.360	523.953
715.520	524.922
715.680	524.942
715.840	523.240
716.000	522.621
716.150	523.742
716.310	522.869
716.470	521.681
716.630	521.307
716.790	520.616
716.950	520.909
717.110	519.348
717.260	519.507
717.420	522.033
717.580	521.829
717.740	521.583
717.900	521.624
718.060	523.403
718.220	523.245
718.370	520.846
718.530	521.413
718.690	523.914
718.850	523.960
719.010	522.132
719.170	522.511
719.330	523.794
719.480	523.256
719.640	519.678
719.800	519.125
719.960	521.769
720.120	521.520
720.280	520.159
720.440	521.695
720.600	523.297
720.750	523.722
720.910	521.808
721.070	523.653
721.230	526.098
721.390	525.843
721.550	525.011
721.710	525.538
721.870	525.586
722.020	524.171
722.180	521.768
722.340	520.643
722.500	522.482
722.660	521.550
722.820	520.610
722.980	520.041
723.140	521.421
723.300	521.155
723.450	520.543
723.610	521.252
723.770	523.747
723.930	524.265
724.090	522.851
724.250	523.605
724.410	523.202
724.570	522.952
724.730	520.889
724.880	520.154
725.040	522.118
725.200	521.556
725.360	522.052
725.520	521.824
725.680	523.210
725.840	522.669
726.000	520.874
726.160	521.075
726.320	521.359
726.470	521.553
726.630	519.794
726.790	521.069
726.950	521.414
727.110	521.481
727.270	520.365
727.430	521.211
727.590	525.222
727.750	525.972
727.910	526.568
728.060	527.040
728.220	528.238
728.380	528.531
728.540	525.595
728.700	525.534
728.860	527.358
729.020	527.050
729.180	526.324
729.340	526.487
729.500	525.841
729.660	524.751
729.820	521.887
729.970	521.245
730.130	523.719
730.290	522.695
730.450	521.527
730.610	521.679
730.770	523.370
730.930	524.417
731.090	521.353
731.250	521.177
731.410	524.491
731.570	525.492
731.730	524.048
731.890	522.824
732.050	524.121
732.200	524.052
732.360	522.112
732.520	521.251
732.680	523.251
732.840	524.508
733.000	523.134
733.160	524.596
733.320	524.985
733.480	525.698
733.640	523.320
733.800	523.539
733.960	526.831
734.120	525.743
734.280	525.412
734.440	524.659
734.600	525.799
734.750	525.404
734.910	522.111
735.070	522.171
735.230	523.613
735.390	523.363
735.550	522.333
735.710	521.663
735.870	521.831
736.030	521.373
736.190	518.778
736.350	519.143
736.510	519.663
736.670	519.654
736.830	518.201
736.990	518.314
737.150	518.291
737.310	517.984
737.470	516.348
737.630	516.225
