209.920	518.650
210.050	521.236
210.180	522.773
210.310	523.273
210.430	523.363
210.560	528.089
210.690	527.930
210.820	527.303
210.950	526.860
211.080	527.459
211.210	528.340
211.340	525.172
211.470	525.967
211.600	528.236
211.730	528.443
211.860	528.396
211.990	529.019
212.120	530.315
212.250	529.374
212.380	527.668
212.510	528.179
212.640	530.214
212.770	529.459
212.890	528.290
213.020	528.456
213.150	528.654
213.280	529.252
213.410	524.856
213.540	524.673
213.670	526.808
213.800	527.149
213.930	526.094
214.060	525.944
214.190	527.543
214.320	528.031
214.450	526.451
214.580	526.124
214.710	528.717
214.840	527.842
214.970	527.070
215.100	526.428
215.230	526.398
215.360	526.241
215.490	522.907
215.620	522.722
215.750	524.691
215.880	525.169
216.010	524.830
216.140	524.829
216.270	526.267
216.400	526.453
216.530	524.659
216.660	523.758
216.790	525.388
216.920	524.721
217.050	523.853
217.180	523.480
217.310	524.454
217.440	526.145
217.570	524.614
217.700	524.622
217.820	525.429
217.950	525.088
218.080	524.091
218.210	522.486
218.340	521.183
218.470	521.116
218.600	519.951
218.730	519.830
218.860	521.833
218.990	521.883
219.120	522.710
219.250	522.873
219.380	523.057
219.510	523.351
219.640	521.243
219.770	521.212
219.900	522.440
220.030	522.273
220.160	522.311
220.290	522.053
220.420	522.244
220.550	522.429
220.680	521.828
220.810	522.242
220.940	525.763
221.070	525.828
221.200	525.608
221.340	526.343
221.470	525.726
221.600	525.843
221.730	521.886
221.860	522.437
221.990	523.949
222.120	522.740
222.250	522.469
222.380	522.107
222.510	522.500
222.640	521.697
222.770	519.756
222.900	521.084
223.030	523.531
223.160	524.288
223.290	523.851
223.420	525.019
223.550	526.443
223.680	525.694
223.810	522.790
223.940	521.672
224.070	523.765
224.200	522.906
224.330	520.893
224.460	520.584
224.590	520.520
224.720	521.279
224.850	518.917
224.980	518.663
225.110	522.051
225.240	522.675
225.370	522.962
225.500	523.461
225.630	523.410
225.760	523.224
225.890	520.085
226.020	519.431
226.150	520.619
226.290	519.824
226.420	519.771
226.550	520.676
226.680	521.738
226.810	521.066
226.940	519.625
227.070	519.134
227.200	522.522
227.330	522.126
227.460	521.079
227.590	521.608
227.720	522.924
227.850	523.760
227.980	521.163
228.110	521.249
228.240	523.228
228.370	523.493
228.500	522.545
228.630	522.762
228.770	523.625
228.900	523.605
229.030	522.357
229.160	523.063
229.290	525.783
229.420	525.830
229.550	525.076
229.680	525.555
229.810	525.855
229.940	525.009
230.070	523.375
230.200	523.097
230.330	525.308
230.460	524.413
230.590	523.564
230.720	524.460
230.860	523.622
230.990	523.233
231.120	521.436
231.250	522.065
231.380	524.401
231.510	523.069
231.640	522.728
231.770	522.364
231.900	522.493
232.030	522.078
232.160	521.185
232.290	521.859
232.420	523.589
232.560	523.655
232.690	523.070
232.820	522.778
232.950	521.686
233.080	521.325
233.210	520.001
233.340	521.215
233.470	523.928
233.600	524.641
233.730	524.837
233.860	525.866
234.000	526.490
234.130	526.806
234.260	523.958
234.390	523.832
234.520	524.305
234.650	523.772
234.780	522.588
234.910	521.596
235.040	522.708
235.170	522.415
235.300	522.171
235.440	522.389
235.570	525.462
235.700	525.413
235.830	524.386
235.960	524.529
236.090	524.844
236.220	524.694
236.350	521.570
236.480	521.657
236.620	523.872
236.750	523.649
236.880	522.967
237.010	523.538
237.140	524.626
237.270	525.132
237.400	522.156
237.530	522.920
237.660	525.488
237.800	524.947
237.930	523.895
238.060	523.664
238.190	525.229
238.320	525.375
238.450	523.228
238.580	523.617
238.710	525.010
238.840	524.551
238.980	523.998
239.110	523.264
239.240	523.940
239.370	523.269
239.500	522.202
239.630	522.089
239.760	523.860
239.890	523.378
240.030	522.027
240.160	522.423
240.290	521.716
240.420	521.055
240.550	518.745
240.680	519.770
240.810	521.883
240.950	520.924
241.080	521.443
241.210	522.661
241.340	523.707
241.470	523.102
241.600	520.840
241.730	520.487
241.870	523.054
242.000	522.745
242.130	522.202
242.260	523.948
242.390	524.685
242.520	526.485
242.650	523.888
242.790	525.683
242.920	526.408
243.050	525.795
243.180	525.678
243.310	525.341
243.440	526.246
243.570	524.033
243.710	522.954
243.840	523.187
243.970	526.151
244.100	526.325
244.230	526.332
244.360	526.613
244.500	528.137
244.630	527.151
244.760	523.396
244.890	522.830
245.020	525.075
245.150	525.172
245.280	523.766
245.420	523.876
245.550	525.484
245.680	526.416
245.810	523.583
245.940	523.939
246.070	526.891
246.210	526.965
246.340	525.536
246.470	525.119
246.600	525.814
246.730	525.866
246.860	524.291
247.000	524.475
247.130	527.206
247.260	527.077
247.390	527.010
247.520	527.151
247.660	526.065
247.790	525.737
247.920	523.213
248.050	523.089
248.180	524.750
248.310	524.141
248.450	524.512
248.580	525.010
248.710	525.655
248.840	524.843
248.970	522.796
249.110	522.583
249.240	524.317
249.370	523.372
249.500	522.628
249.630	523.291
249.770	523.154
249.900	523.869
250.030	520.974
250.160	520.856
250.290	523.104
250.420	522.596
250.560	523.145
250.690	523.361
250.820	524.506
250.950	524.838
251.080	522.577
251.220	523.339
251.350	523.884
251.480	523.640
251.610	523.107
251.740	522.477
251.880	524.077
252.010	524.153
252.140	522.705
252.270	521.629
252.400	523.895
252.540	524.560
252.670	522.649
252.800	522.494
252.930	523.221
253.070	523.756
253.200	521.698
253.330	522.520
253.460	525.363
253.590	524.623
253.730	524.687
253.860	525.208
253.990	526.018
254.120	525.373
254.250	522.837
254.390	523.266
254.520	525.182
254.650	525.516
254.780	524.979
254.920	524.871
255.050	526.174
255.180	525.984
255.310	523.439
255.440	522.332
255.580	523.809
255.710	524.167
255.840	523.675
255.970	524.193
256.110	524.371
256.240	524.974
256.370	523.235
256.500	522.986
256.640	524.478
256.770	524.077
256.900	524.004
257.030	523.998
257.170	524.122
257.300	524.107
257.430	522.701
257.560	522.367
257.690	524.381
257.830	524.116
257.960	523.907
258.090	524.170
258.220	524.895
258.360	525.388
258.490	523.861
258.620	524.584
258.750	527.227
258.890	527.223
259.020	526.008
259.150	526.482
259.280	526.466
259.420	525.910
259.550	522.635
259.680	522.818
259.810	524.819
259.950	524.204
260.080	523.317
260.210	523.354
260.340	523.856
260.480	523.968
260.610	522.400
260.740	522.200
260.870	525.298
261.010	524.966
261.140	526.366
261.270	526.939
261.410	527.952
261.540	528.866
261.670	526.644
261.800	527.733
261.940	529.821
262.070	529.001
262.200	527.688
262.330	527.972
262.470	529.074
262.600	528.487
262.730	524.657
262.860	524.189
263.000	526.025
263.130	525.230
263.260	522.790
263.400	523.554
263.530	524.463
263.660	524.924
263.790	523.705
263.930	523.149
264.060	526.699
264.190	525.604
264.330	524.653
264.460	524.974
264.590	524.962
264.720	525.999
264.860	523.245
264.990	523.548
265.120	525.684
265.260	525.922
265.390	525.509
265.520	525.883
265.650	527.222
265.790	526.938
265.920	525.025
266.050	524.089
266.190	525.787
266.320	525.642
266.450	524.007
266.580	524.314
266.720	525.176
266.850	525.530
266.980	523.034
267.120	521.951
267.250	524.046
267.380	524.203
267.520	523.460
267.650	523.209
267.780	524.561
267.910	525.153
268.050	523.781
268.180	524.115
268.310	524.711
268.450	524.393
268.580	523.814
268.710	523.447
268.850	523.316
268.980	522.525
269.110	522.809
269.250	523.328
269.380	525.611
269.510	525.517
269.640	525.726
269.780	525.690
269.910	526.161
270.040	525.710
270.180	522.919
270.310	523.901
270.440	525.598
270.580	526.035
270.710	525.251
270.840	525.500
270.980	526.753
271.110	526.176
271.240	523.629
271.380	523.446
271.510	525.764
271.640	525.815
271.780	525.357
271.910	525.228
272.040	527.601
272.180	528.061
272.310	524.978
272.440	525.102
272.580	526.061
272.710	526.400
272.840	524.791
272.980	524.194
273.110	525.477
273.240	525.320
273.380	522.744
273.510	521.939
273.640	523.334
273.780	522.310
273.910	521.477
274.040	521.319
274.180	522.053
274.310	521.772
274.440	519.366
274.580	519.772
274.710	521.153
274.840	520.856
274.980	519.856
275.110	519.682
275.240	520.547
275.380	520.090
275.510	517.839
275.650	517.710
275.780	521.215
275.910	521.300
276.050	520.369
276.180	520.558
276.310	521.587
276.450	521.975
276.580	520.090
276.710	520.853
276.850	521.460
276.980	523.124
277.110	522.246
277.250	522.570
277.380	522.750
277.520	522.923
277.650	522.992
277.780	522.598
277.920	526.503
278.050	526.688
278.180	526.937
278.320	527.383
278.450	528.828
278.580	528.676
278.720	526.028
278.850	526.796
278.990	528.956
279.120	528.962
279.250	528.465
279.390	529.282
279.520	530.169
279.650	531.249
279.790	530.566
279.920	532.348
280.060	537.429
280.190	540.578
280.320	542.979
280.460	544.945
280.590	548.716
280.730	551.577
280.860	550.000
280.990	551.893
281.130	555.021
281.260	556.282
281.390	556.570
281.530	557.342
281.660	558.801
281.800	559.038
281.930	558.312
282.060	559.669
282.200	562.042
282.330	562.878
282.470	563.131
282.600	563.048
282.730	563.470
282.870	564.788
283.000	561.856
283.140	562.763
283.270	565.766
283.400	566.431
283.540	566.391
283.670	567.101
283.810	571.696
283.940	573.480
284.070	573.991
284.210	576.860
284.340	581.421
284.480	582.304
284.610	580.760
284.740	580.621
284.880	578.861
285.010	577.661
285.150	574.255
285.280	571.532
285.410	571.357
285.550	568.851
285.680	566.860
285.820	562.932
285.950	561.785
286.090	560.835
286.220	558.597
286.350	556.837
286.490	558.199
286.620	557.687
286.760	556.641
286.890	556.015
287.020	556.607
287.160	557.204
287.290	556.005
287.430	556.543
287.560	557.825
287.700	555.980
287.830	554.969
287.960	553.757
288.100	553.634
288.230	554.070
288.370	552.410
288.500	554.704
288.640	556.843
288.770	557.751
288.900	557.834
289.040	558.558
289.170	560.026
289.310	560.065
289.440	558.367
289.580	558.914
289.710	562.366
289.850	562.931
289.980	561.940
290.110	561.474
290.250	561.302
290.380	561.247
290.520	557.381
290.650	556.777
290.790	558.989
290.920	558.800
291.060	557.172
291.190	556.320
291.320	555.842
291.460	555.811
291.590	553.331
291.730	553.071
291.860	554.452
292.000	553.755
292.130	552.465
292.270	550.980
292.400	550.202
292.540	549.269
292.670	546.988
292.800	546.700
292.940	548.458
293.070	547.992
293.210	546.683
293.340	546.202
293.480	546.112
293.610	545.777
293.750	544.015
293.880	544.426
294.020	544.776
294.150	544.782
294.290	544.707
294.420	544.782
294.550	544.934
294.690	544.262
294.820	544.524
294.960	545.110
295.090	548.101
295.230	548.048
295.360	547.722
295.500	548.010
295.630	547.945
295.770	547.639
295.900	544.879
296.040	543.781
296.170	546.178
296.310	545.829
296.440	545.064
296.580	545.412
296.710	544.851
296.850	545.530
296.980	543.062
297.120	541.902
297.250	543.514
297.380	542.942
297.520	542.159
297.650	541.125
297.790	540.740
297.920	540.971
298.060	537.831
298.190	535.666
298.330	536.958
298.460	536.570
298.600	534.927
298.730	534.477
298.870	534.727
299.000	535.251
299.140	532.814
299.270	532.254
299.410	534.757
299.540	534.227
299.680	533.900
299.810	533.296
299.950	534.676
300.080	535.523
300.220	534.184
300.350	534.344
300.490	536.066
300.620	536.081
300.760	535.445
300.890	534.784
301.030	534.302
301.160	535.198
301.300	534.137
301.430	534.615
301.570	537.021
301.700	538.243
301.840	537.847
301.980	538.433
302.110	539.151
302.250	539.881
302.380	538.523
302.520	538.267
302.650	540.478
302.790	540.527
302.920	540.534
303.060	541.075
303.190	542.398
303.330	543.110
303.460	542.495
303.600	543.083
303.730	546.106
303.870	547.681
304.000	548.334
304.140	549.709
304.270	552.228
304.410	554.442
304.540	553.854
304.680	555.870
304.820	559.273
304.950	562.170
305.090	565.655
305.220	574.966
305.360	597.676
305.490	633.540
305.630	677.955
305.760	735.881
305.900	806.647
306.030	877.000
306.170	937.475
306.300	982.751
306.440	1017.323
306.570	1037.472
306.710	1041.502
306.850	1043.257
306.980	1046.928
307.120	1053.617
307.250	1064.016
307.390	1080.093
307.520	1097.983
307.660	1114.103
307.790	1128.592
307.930	1150.244
308.070	1184.474
308.200	1225.045
308.340	1267.969
308.470	1310.693
308.610	1356.675
308.740	1393.369
308.880	1416.523
309.010	1430.484
309.150	1444.722
309.290	1458.143
309.420	1465.340
309.560	1463.356
309.690	1463.495
309.830	1461.105
309.960	1451.113
310.100	1429.828
310.230	1411.718
310.370	1397.942
310.510	1375.855
310.640	1347.987
310.780	1319.494
310.910	1302.863
311.050	1277.867
311.180	1250.688
311.320	1227.700
311.460	1214.447
311.590	1205.079
311.730	1187.062
311.860	1170.998
312.000	1163.235
312.130	1152.829
312.270	1134.618
312.410	1113.967
312.540	1097.223
312.680	1083.679
312.810	1066.565
312.950	1052.232
313.090	1037.815
313.220	1027.119
313.360	1017.465
313.490	1007.781
313.630	997.383
313.760	987.106
313.900	980.659
314.040	974.181
314.170	969.728
314.310	964.633
314.440	962.910
314.580	958.901
314.720	953.459
314.850	947.912
314.990	944.056
315.120	938.394
315.260	930.002
315.400	920.775
315.530	912.231
315.670	902.423
315.800	889.293
315.940	877.548
316.080	864.788
316.210	854.462
316.350	841.683
316.480	827.289
316.620	817.034
316.760	807.214
316.890	796.707
317.030	783.575
317.160	773.411
317.300	765.049
317.440	753.687
317.570	742.303
317.710	734.230
317.840	730.307
317.980	725.052
318.120	719.189
318.250	712.389
318.390	707.079
318.520	701.592
318.660	694.309
318.800	688.933
318.930	685.927
319.070	680.995
319.210	675.632
319.340	671.409
319.480	668.127
319.610	664.381
319.750	659.377
319.890	655.411
320.020	652.410
320.160	647.855
320.300	641.803
320.430	639.587
320.570	636.642
320.700	635.772
320.840	633.196
320.980	630.364
321.110	629.860
321.250	625.485
321.390	622.343
321.520	620.077
321.660	619.066
321.790	618.376
321.930	614.550
322.070	611.483
322.200	611.032
322.340	607.682
322.480	603.393
322.610	599.931
322.750	598.075
322.890	597.401
323.020	592.244
323.160	589.449
323.300	589.264
323.430	585.839
323.570	583.718
323.700	580.965
323.840	580.485
323.980	581.697
324.110	579.191
324.250	578.960
324.390	579.382
324.520	577.729
324.660	575.905
324.800	573.815
324.930	572.108
325.070	570.949
325.210	567.773
325.340	566.250
325.480	566.772
325.620	564.514
325.750	562.560
325.890	562.034
326.030	561.203
326.160	560.407
326.300	557.211
326.440	555.074
326.570	555.403
326.710	553.582
326.850	552.671
326.980	552.131
327.120	551.760
327.260	552.095
327.390	549.603
327.530	548.996
327.670	550.244
327.800	548.482
327.940	547.366
328.080	546.426
328.210	547.429
328.350	545.977
328.490	542.816
328.620	543.492
328.760	544.940
328.900	543.732
329.030	541.469
329.170	541.368
329.310	540.636
329.440	538.877
329.580	536.162
329.720	535.092
329.850	537.667
329.990	536.903
330.130	536.582
330.260	536.537
330.400	537.326
330.540	538.365
330.680	535.110
330.810	534.229
330.950	535.606
331.090	535.749
331.220	534.487
331.360	533.826
331.500	534.518
331.630	536.108
331.770	533.644
331.910	533.844
332.040	537.076
332.180	537.717
332.320	537.435
332.460	537.120
332.590	539.072
332.730	539.366
332.870	537.455
333.000	538.395
333.140	540.464
333.280	540.450
333.410	539.094
333.550	539.414
333.690	539.147
333.830	538.015
333.960	535.456
334.100	536.493
334.240	539.393
334.370	539.791
334.510	540.868
334.650	542.955
334.790	545.473
334.920	546.235
335.060	545.493
335.200	546.375
335.330	549.694
335.470	551.534
335.610	553.539
335.750	556.349
335.880	560.081
336.020	563.191
336.160	563.390
336.300	566.577
336.430	572.235
336.570	574.661
336.710	574.732
336.840	574.200
336.980	573.691
337.120	570.538
337.260	564.248
337.390	559.492
337.530	557.524
337.670	554.218
337.810	551.065
337.940	548.013
338.080	545.556
338.220	543.861
338.350	539.810
338.490	538.419
338.630	537.678
338.770	535.648
338.900	533.420
339.040	530.416
339.180	530.780
339.320	529.067
339.450	525.876
339.590	525.123
339.730	526.197
339.870	525.331
340.000	523.727
340.140	524.296
340.280	525.025
340.420	524.770
340.550	522.523
340.690	523.558
340.830	526.061
340.970	525.012
341.100	524.466
341.240	524.947
341.380	525.822
341.520	526.355
341.650	522.628
341.790	522.374
341.930	524.793
342.070	523.698
342.200	523.123
342.340	522.938
342.480	524.802
342.620	525.869
342.750	524.321
342.890	525.359
343.030	527.672
343.170	528.193
343.300	527.783
343.440	527.603
343.580	528.301
343.720	528.368
343.860	526.050
343.990	525.146
344.130	526.097
344.270	526.242
344.410	524.928
344.540	525.024
344.680	525.521
344.820	526.165
344.960	524.325
345.090	524.060
345.230	526.445
345.370	526.683
345.510	525.971
345.650	525.908
345.780	528.424
345.920	528.466
346.060	525.550
346.200	525.029
346.340	526.516
346.470	525.962
346.610	523.311
346.750	522.870
346.890	524.117
347.020	524.007
347.160	522.415
347.300	523.011
347.440	527.065
347.580	527.792
347.710	527.581
347.850	528.833
347.990	530.544
348.130	532.229
348.270	528.671
348.400	529.351
348.540	531.657
348.680	530.950
348.820	530.360
348.960	528.517
349.090	529.912
349.230	529.836
349.370	528.307
349.510	530.112
349.650	533.171
349.780	534.249
349.920	534.961
350.060	535.273
350.200	536.261
350.340	535.474
350.470	533.002
350.610	531.997
350.750	533.401
350.890	532.949
351.030	531.284
351.160	531.703
351.300	531.076
351.440	531.628
351.580	528.831
351.720	528.857
351.860	531.772
351.990	530.633
352.130	530.866
352.270	532.060
352.410	532.753
352.550	533.689
352.680	531.709
352.820	533.025
352.960	535.867
353.100	537.240
353.240	537.703
353.380	538.150
353.510	538.735
353.650	538.963
353.790	536.945
353.930	535.463
354.070	537.505
354.210	537.083
354.340	536.505
354.480	536.818
354.620	537.489
354.760	537.527
354.900	535.557
355.040	535.318
355.170	536.846
355.310	535.749
355.450	534.945
355.590	534.829
355.730	535.244
355.870	535.892
356.000	535.805
356.140	536.747
356.280	540.111
356.420	541.545
356.560	542.527
356.700	544.658
356.830	546.408
356.970	549.014
357.110	548.796
357.250	549.018
357.390	551.827
357.530	550.369
357.670	548.757
357.800	545.870
357.940	543.958
358.080	541.871
358.220	537.084
358.360	535.631
358.500	536.265
358.640	534.528
358.770	532.907
358.910	532.101
359.050	531.594
359.190	530.754
359.330	526.399
359.470	525.496
359.610	525.786
359.740	524.593
359.880	523.593
360.020	522.279
360.160	522.923
360.300	523.816
360.440	521.828
360.580	521.831
360.710	523.561
360.850	523.814
360.990	523.350
361.130	522.953
361.270	523.237
361.410	523.738
361.550	521.072
361.690	522.059
361.820	523.642
361.960	523.168
362.100	522.389
362.240	521.775
362.380	522.948
362.520	522.438
362.660	519.956
362.800	519.755
362.940	522.398
363.070	522.200
363.210	520.568
363.350	520.389
363.490	521.801
363.630	521.478
363.770	519.467
363.910	520.318
364.050	522.705
364.180	522.379
364.320	521.277
364.460	521.622
364.600	521.773
364.740	521.405
364.880	519.923
365.020	519.536
365.160	523.405
365.300	524.395
365.440	524.024
365.570	524.326
365.710	525.708
365.850	526.796
365.990	522.895
366.130	522.104
366.270	524.148
366.410	523.423
366.550	522.506
366.690	522.125
366.830	522.928
366.960	522.439
367.100	521.029
367.240	521.212
367.380	523.448
367.520	523.623
367.660	523.923
367.800	524.258
367.940	524.269
368.080	525.338
368.220	523.247
368.360	523.149
368.490	524.487
368.630	524.799
368.770	524.575
368.910	523.705
369.050	523.474
369.190	523.176
369.330	520.875
369.470	521.319
369.610	522.686
369.750	522.621
369.890	522.598
370.030	521.791
370.170	523.265
370.300	523.124
370.440	521.600
370.580	522.298
370.720	523.707
370.860	525.627
371.000	525.578
371.140	525.774
371.280	526.298
371.420	526.035
371.560	525.374
371.700	524.523
371.840	525.737
371.980	525.352
372.120	524.420
372.260	525.010
372.390	525.122
372.530	525.722
372.670	524.620
372.810	525.609
372.950	527.435
373.090	526.392
373.230	526.816
373.370	526.552
373.510	527.400
373.650	526.363
373.790	526.020
373.930	526.687
374.070	528.711
374.210	528.462
374.350	528.122
374.490	529.609
374.630	529.517
374.770	530.411
374.910	527.702
375.040	528.887
375.180	531.221
375.320	530.849
375.460	530.670
375.600	529.821
375.740	530.813
375.880	529.198
376.020	525.796
376.160	524.918
376.300	527.540
376.440	526.870
376.580	525.566
376.720	526.263
376.860	526.169
377.000	526.401
377.140	523.052
377.280	523.786
377.420	526.052
377.560	526.551
377.700	525.958
377.840	526.645
377.980	527.236
378.120	526.631
378.260	524.366
378.400	524.276
378.540	527.187
378.680	525.645
378.820	526.419
378.960	527.699
379.100	528.830
379.230	528.534
379.370	526.493
379.510	527.880
379.650	528.876
379.790	527.938
379.930	527.820
380.070	528.164
380.210	529.562
380.350	529.824
380.490	528.292
380.630	528.924
380.770	531.179
380.910	529.662
381.050	527.834
381.190	527.099
381.330	527.109
381.470	526.153
381.610	521.787
381.750	522.335
381.890	522.771
382.030	521.796
382.170	520.813
382.310	520.273
382.450	521.926
382.590	521.034
382.730	520.658
382.870	521.055
383.010	523.541
383.150	524.020
383.290	523.537
383.430	524.174
383.570	524.448
383.710	524.774
383.850	522.378
383.990	522.910
384.130	524.435
384.270	524.959
384.410	524.569
384.550	525.223
384.690	525.954
384.830	524.985
384.970	522.899
385.110	522.966
385.250	525.739
385.390	524.440
385.530	524.085
385.670	524.666
385.810	525.691
385.950	525.711
386.090	523.681
386.240	524.276
386.380	525.830
386.520	526.799
386.660	525.445
386.800	525.285
386.940	524.958
387.080	524.665
387.220	523.123
387.360	521.916
387.500	525.041
387.640	525.300
387.780	525.050
387.920	524.957
388.060	525.006
388.200	524.841
388.340	522.550
388.480	522.473
388.620	524.493
388.760	524.569
388.900	524.148
389.040	524.494
389.180	524.807
389.320	525.810
389.460	524.194
389.600	524.650
389.740	527.760
389.880	528.847
390.020	528.333
390.160	526.908
390.300	528.627
390.450	528.616
390.590	526.712
390.730	525.845
390.870	527.792
391.010	528.708
391.150	526.625
391.290	527.180
391.430	527.659
391.570	527.969
391.710	526.931
391.850	526.170
391.990	528.828
392.130	528.287
392.270	527.590
392.410	527.537
392.550	527.528
392.690	527.843
392.830	526.289
392.970	526.662
393.120	528.805
393.260	529.184
393.400	528.889
393.540	529.439
393.680	529.835
393.820	528.968
393.960	527.538
394.100	527.315
394.240	529.245
394.380	528.809
394.520	527.680
394.660	527.981
394.800	527.030
394.940	526.122
395.080	523.993
395.230	524.546
395.370	525.525
395.510	525.383
395.650	524.952
395.790	525.854
395.930	526.424
396.070	525.213
396.210	523.111
396.350	523.423
396.490	526.366
396.630	525.903
396.770	524.565
396.920	525.143
397.060	526.818
397.200	526.390
397.340	523.493
397.480	523.955
397.620	526.154
397.760	526.228
397.900	524.620
398.040	524.359
398.180	525.002
398.320	524.379
398.460	522.290
398.610	521.923
398.750	524.477
398.890	524.934
399.030	523.827
399.170	524.423
399.310	526.053
399.450	525.574
399.590	523.137
399.730	523.410
399.870	524.609
400.020	523.989
400.160	522.920
400.300	523.333
400.440	523.533
400.580	522.617
400.720	521.054
400.860	520.387
401.000	522.602
401.140	522.154
401.290	522.847
401.430	522.549
401.570	524.204
401.710	524.805
401.850	522.205
401.990	522.546
402.130	524.065
402.270	525.120
402.410	524.040
402.560	524.407
402.700	525.616
402.840	525.768
402.980	523.877
403.120	523.964
403.260	526.676
403.400	526.627
403.540	524.519
403.690	524.906
403.830	525.890
403.970	526.374
404.110	524.056
404.250	523.231
404.390	527.223
404.530	527.234
404.670	525.811
404.820	525.332
404.960	526.112
405.100	526.583
405.240	523.934
405.380	523.270
405.520	525.739
405.660	524.913
405.800	523.231
405.950	523.444
406.090	523.972
406.230	524.218
406.370	522.380
406.510	523.313
406.650	525.948
406.790	526.430
406.940	526.263
407.080	525.921
407.220	526.143
407.360	526.000
407.500	523.151
407.640	522.598
407.780	523.556
407.930	524.132
408.070	524.131
408.210	524.452
408.350	527.015
408.490	526.826
408.630	525.096
408.770	525.347
408.920	526.712
409.060	525.909
409.200	524.745
409.340	524.328
409.480	525.240
409.620	525.194
409.770	523.329
409.910	523.640
410.050	524.859
410.190	525.526
410.330	525.424
410.470	524.711
410.620	525.589
410.760	525.133
410.900	523.144
411.040	523.086
411.180	524.147
411.320	523.802
411.470	522.271
411.610	521.940
411.750	522.492
411.890	522.435
412.030	520.569
412.170	521.697
412.320	524.290
412.460	525.135
412.600	524.714
412.740	524.860
412.880	525.238
413.020	524.493
413.170	522.105
413.310	521.684
413.450	523.855
413.590	523.593
413.730	521.517
413.880	520.371
414.020	520.469
414.160	520.134
414.300	517.590
414.440	517.411
414.580	520.606
414.730	521.169
414.870	520.439
415.010	520.672
415.150	521.071
415.290	521.138
415.440	519.297
415.580	519.459
415.720	521.350
415.860	520.457
416.000	519.978
416.150	519.075
416.290	518.825
416.430	518.191
416.570	516.655
416.710	516.910
416.860	518.846
417.000	518.878
417.140	519.027
417.280	519.517
417.420	519.746
417.570	520.247
417.710	517.335
417.850	517.964
417.990	518.454
418.130	518.017
418.280	517.533
418.420	517.209
418.560	517.908
418.700	518.476
418.840	518.259
418.990	519.669
419.130	523.119
419.270	523.838
419.410	525.415
419.560	525.778
419.700	526.971
419.840	527.098
419.980	524.437
420.120	524.617
420.270	525.691
420.410	524.855
420.550	523.473
420.690	522.642
420.840	523.498
420.980	523.340
421.120	520.967
421.260	520.481
421.400	522.389
421.550	522.803
421.690	522.219
421.830	522.381
421.970	523.281
422.120	523.587
422.260	521.804
422.400	521.564
422.540	522.753
422.690	521.737
422.830	520.344
422.970	520.840
423.110	520.738
423.250	521.493
423.400	519.968
423.540	520.859
423.680	523.423
423.820	523.959
423.970	523.547
424.110	521.726
424.250	523.263
424.390	523.363
424.540	520.108
424.680	519.674
424.820	521.117
424.960	522.139
425.110	520.294
425.250	519.559
425.390	520.106
425.530	519.774
425.680	517.986
425.820	517.572
425.960	519.633
426.100	519.838
426.250	520.659
426.390	520.542
426.530	521.954
426.670	521.509
426.820	519.894
426.960	519.857
427.100	520.580
427.240	520.319
427.390	519.407
427.530	520.176
427.670	520.533
427.820	519.981
427.960	519.254
428.100	519.844
428.240	521.995
428.390	522.018
428.530	520.665
428.670	521.823
428.810	522.696
428.960	523.211
429.100	521.358
429.240	521.610
429.380	524.097
429.530	523.670
429.670	522.090
429.810	521.669
429.960	521.791
430.100	521.414
430.240	519.590
430.380	520.166
430.530	522.631
430.670	522.176
430.810	522.367
430.960	522.469
431.100	522.881
431.240	521.617
431.380	520.313
431.530	520.147
431.670	521.634
431.810	522.031
431.960	521.854
432.100	522.555
432.240	521.970
432.380	521.968
432.530	519.437
432.670	518.478
432.810	520.203
432.960	519.423
433.100	517.917
433.240	518.504
433.380	518.953
433.530	519.906
433.670	517.516
433.810	518.247
433.960	521.949
434.100	522.087
434.240	522.052
434.390	521.975
434.530	524.042
434.670	525.323
434.810	522.992
434.960	523.406
435.100	526.292
435.240	526.433
435.390	524.411
435.530	522.893
435.670	523.430
435.820	522.746
435.960	519.006
436.100	518.283
436.250	519.758
436.390	519.547
436.530	518.667
436.680	517.430
436.820	518.617
436.960	518.727
437.100	517.017
437.250	517.613
437.390	520.092
437.530	521.464
437.680	521.423
437.820	521.690
437.960	522.852
438.110	523.424
438.250	520.743
438.390	519.753
438.540	521.434
438.680	521.323
438.820	520.021
438.970	520.500
439.110	521.408
439.250	522.908
439.400	520.624
439.540	520.249
439.680	523.496
439.830	522.847
439.970	522.279
440.110	521.103
440.260	522.558
440.400	522.366
440.540	519.039
440.690	518.477
440.830	519.463
440.970	519.902
441.120	518.401
441.260	518.363
441.400	520.159
441.550	520.079
441.690	519.540
441.830	520.014
441.980	522.447
442.120	522.929
442.260	521.449
442.410	521.520
442.550	522.131
442.690	521.392
442.840	518.992
442.980	518.888
443.130	520.955
443.270	520.843
443.410	519.475
443.560	519.235
443.700	519.602
443.840	518.863
443.990	516.285
444.130	515.856
444.270	517.655
444.420	516.678
444.560	515.582
444.700	515.321
444.850	515.555
444.990	514.287
445.140	511.707
445.280	512.284
445.420	513.206
445.570	513.087
445.710	513.755
445.850	515.154
446.000	515.424
446.140	515.668
446.290	515.022
446.430	516.080
446.570	518.310
446.720	518.253
446.860	519.138
447.000	519.698
447.150	521.160
447.290	521.156
447.440	518.188
447.580	517.529
447.720	519.665
447.870	519.204
448.010	518.158
448.150	517.675
448.300	518.361
448.440	518.656
448.590	515.403
448.730	515.543
448.870	518.819
449.020	519.501
449.160	519.384
449.300	519.808
449.450	521.441
449.590	521.212
449.740	518.042
449.880	517.534
450.020	519.394
450.170	519.717
450.310	518.239
450.460	518.586
450.600	518.480
450.740	518.394
450.890	515.469
451.030	514.944
451.180	517.001
451.320	516.099
451.460	516.267
451.610	516.424
451.750	516.975
451.900	517.038
452.040	515.133
452.180	515.270
452.330	515.790
452.470	515.645
452.620	515.314
452.760	514.878
452.900	515.263
453.050	514.567
453.190	512.871
453.340	511.775
453.480	514.011
453.630	513.277
453.770	512.145
453.910	513.273
454.060	513.834
454.200	513.525
454.350	510.855
454.490	510.842
454.630	511.492
454.780	510.385
454.920	509.529
455.070	510.515
455.210	511.830
455.360	512.305
455.500	513.049
455.640	513.757
455.790	517.583
455.930	518.057
456.080	517.175
456.220	518.426
456.370	519.876
456.510	520.696
456.650	516.960
456.800	516.756
456.940	520.135
457.090	519.140
457.230	516.243
457.380	516.001
457.520	518.097
457.660	518.415
457.810	515.369
457.950	515.649
458.100	519.030
458.240	518.793
458.390	517.776
458.530	517.653
458.680	519.179
458.820	518.352
458.960	516.160
459.110	516.386
459.250	517.790
459.400	517.770
459.540	515.650
459.690	517.118
459.830	518.235
459.980	517.974
460.120	517.178
460.260	517.385
460.410	521.319
460.550	521.125
460.700	520.088
460.840	520.037
460.990	519.875
461.130	519.672
461.280	516.553
461.420	515.261
461.570	516.492
461.710	515.702
461.850	515.692
462.000	515.777
462.140	516.489
462.290	517.246
462.430	515.736
462.580	516.480
462.720	518.138
462.870	517.777
463.010	517.124
463.160	517.573
463.300	519.322
463.450	519.587
463.590	517.583
463.740	518.355
463.880	519.270
464.020	518.566
464.170	516.878
464.310	516.002
464.460	516.434
464.600	516.113
464.750	514.979
464.890	515.447
465.040	518.145
465.180	519.303
465.330	519.536
465.470	519.517
465.620	521.159
465.760	521.544
465.910	519.446
466.050	519.124
466.200	520.588
466.340	520.373
466.490	519.374
466.630	519.907
466.780	521.034
466.920	521.426
467.070	519.565
467.210	520.641
467.360	523.311
467.500	522.630
467.650	521.293
467.790	520.423
467.940	521.126
468.080	520.141
468.230	516.642
468.370	516.517
468.520	518.248
468.660	518.624
468.810	517.457
468.950	517.317
469.100	517.864
469.240	517.436
469.390	514.806
469.530	514.248
469.680	516.543
469.820	516.282
469.970	515.107
470.110	513.513
470.260	513.477
470.400	513.089
470.550	510.819
470.690	510.143
470.840	512.618
470.980	513.373
471.130	513.727
471.270	513.159
471.420	513.240
471.560	513.448
471.710	511.145
471.850	511.539
472.000	513.273
472.140	514.473
472.290	514.643
472.430	514.910
472.580	515.409
472.720	515.673
472.870	514.253
473.010	515.708
473.160	516.131
473.300	516.366
473.450	516.800
473.590	516.705
473.740	516.937
473.890	516.052
474.030	515.687
474.180	516.303
474.320	518.027
474.470	517.916
474.610	517.489
474.760	518.148
474.900	518.433
475.050	517.638
475.190	515.569
475.340	516.298
475.480	518.208
475.630	517.258
475.770	516.668
475.920	516.969
476.070	518.197
476.210	517.318
476.360	515.899
476.500	515.330
476.650	518.191
476.790	520.463
476.940	519.649
477.080	519.855
477.230	520.382
477.370	521.207
477.520	519.454
477.670	518.228
477.810	520.730
477.960	521.410
478.100	520.498
478.250	519.493
478.390	518.398
478.540	516.912
478.680	512.933
478.830	512.069
478.980	513.795
479.120	514.213
479.270	513.530
479.410	513.718
479.560	514.145
479.700	514.898
479.850	512.787
479.990	512.313
480.140	514.592
480.290	514.450
480.430	514.660
480.580	514.436
480.720	514.812
480.870	516.263
481.010	514.125
481.160	515.151
481.310	517.345
481.450	517.772
481.600	517.815
481.740	516.865
481.890	517.941
482.030	517.205
482.180	515.101
482.330	515.740
482.470	516.077
482.620	516.216
482.760	514.335
482.910	514.887
483.060	515.293
483.200	514.170
483.350	513.058
483.490	513.630
483.640	517.355
483.780	516.692
483.930	517.336
484.080	518.276
484.220	519.283
484.370	519.751
484.510	517.712
484.660	518.802
484.810	521.471
484.950	521.528
485.100	522.719
485.240	522.618
485.390	524.198
485.540	524.571
485.680	522.260
485.830	522.587
485.970	524.836
486.120	524.914
486.270	523.903
486.410	523.878
486.560	524.495
486.700	524.777
486.850	522.339
487.000	521.938
487.140	523.558
487.290	523.652
487.430	522.281
487.580	521.066
487.730	520.525
487.870	520.062
488.020	517.220
488.160	515.727
488.310	517.308
488.460	517.050
488.600	515.640
488.750	514.920
488.890	515.571
489.040	515.638
489.190	513.481
489.330	513.300
489.480	516.488
489.630	516.618
489.770	515.539
489.920	516.015
490.060	516.529
490.210	516.567
490.360	514.275
490.500	515.211
490.650	518.310
490.790	518.268
490.940	518.805
491.090	518.961
491.230	520.264
491.380	520.297
491.530	518.211
491.670	518.261
491.820	518.261
491.970	518.129
492.110	516.451
492.260	515.471
492.400	515.621
492.550	515.248
492.700	513.953
492.840	513.559
492.990	515.593
493.140	516.604
493.280	516.171
493.430	516.598
493.580	518.209
493.720	518.831
493.870	517.320
494.010	516.455
494.160	520.233
494.310	520.334
494.450	518.732
494.600	518.552
494.750	518.337
494.890	518.145
495.040	514.688
495.190	514.810
495.330	519.195
495.480	519.873
495.630	519.036
495.770	519.846
495.920	521.086
496.070	521.607
496.210	517.136
496.360	516.578
496.510	518.117
496.650	517.369
496.800	514.767
496.940	513.514
497.090	513.509
497.240	513.331
497.380	511.753
497.530	512.036
497.680	515.120
497.820	514.981
497.970	515.399
498.120	515.497
498.260	516.703
498.410	516.804
498.560	514.843
498.700	515.066
498.850	516.753
499.000	516.881
499.140	516.325
499.290	516.454
499.440	516.757
499.590	517.300
499.730	515.558
499.880	515.815
500.030	517.419
500.170	517.624
500.320	517.316
500.470	517.107
500.610	518.040
500.760	517.584
500.910	516.258
501.050	515.839
501.200	516.548
501.350	515.783
501.490	514.476
501.640	514.413
501.790	514.544
501.930	514.659
502.080	513.369
502.230	514.535
502.370	517.753
502.520	517.705
502.670	517.146
502.820	518.066
502.960	519.847
503.110	519.592
503.260	517.252
503.400	517.428
503.550	519.619
503.700	518.717
503.840	516.999
503.990	516.894
504.140	517.569
504.290	518.010
504.430	515.826
504.580	516.091
504.730	518.832
504.870	518.570
505.020	517.565
505.170	517.332
505.310	517.507
505.460	517.337
505.610	514.471
505.760	515.062
505.900	516.522
506.050	516.255
506.200	516.678
506.340	516.154
506.490	517.365
506.640	517.075
506.790	515.614
506.930	515.074
507.080	516.805
507.230	517.443
507.370	516.699
507.520	516.195
507.670	517.151
507.820	518.073
507.960	515.153
508.110	514.471
508.260	516.663
508.400	517.334
508.550	515.880
508.700	515.095
508.850	516.107
508.990	517.011
509.140	514.405
509.290	514.161
509.440	517.127
509.580	517.455
509.730	516.822
509.880	516.972
510.030	518.398
510.170	518.473
510.320	515.688
510.470	515.655
510.610	516.333
510.760	515.255
510.910	513.875
511.060	513.370
511.200	513.879
511.350	513.648
511.500	512.536
511.650	512.613
511.790	515.392
511.940	515.205
512.090	515.060
512.240	514.270
512.380	515.761
512.530	516.493
512.680	512.976
512.830	512.657
512.970	514.985
513.120	515.758
513.270	514.874
513.420	514.657
513.560	517.260
513.710	518.608
513.860	516.016
514.010	515.923
514.150	518.900
514.300	518.472
514.450	516.279
514.600	515.777
514.740	516.435
514.890	516.563
515.040	513.247
515.190	514.139
515.330	516.704
515.480	516.225
515.630	516.564
515.780	517.115
515.930	519.182
516.070	519.496
516.220	518.343
516.370	519.201
516.520	520.984
516.660	520.746
516.810	519.125
516.960	518.293
517.110	517.984
517.250	517.231
517.400	514.114
517.550	513.771
517.700	516.244
517.850	515.720
517.990	515.452
518.140	516.294
518.290	517.041
518.440	516.664
518.580	514.829
518.730	515.504
518.880	518.078
519.030	517.575
519.180	517.088
519.320	518.108
519.470	518.101
519.620	518.036
519.770	514.968
519.920	514.333
520.060	515.369
520.210	513.832
520.360	512.785
520.510	513.060
520.650	514.809
520.800	514.598
520.950	513.577
521.100	514.925
521.250	518.321
521.390	518.094
521.540	515.984
521.690	516.980
521.840	517.870
521.990	517.696
522.130	513.866
522.280	513.154
522.430	516.202
522.580	516.110
522.730	515.188
522.870	514.776
523.020	516.532
523.170	516.193
523.320	514.310
523.470	513.166
523.620	515.417
523.760	515.647
523.910	514.368
524.060	514.453
524.210	514.390
524.360	515.167
524.500	513.184
524.650	513.530
524.800	515.515
524.950	515.787
525.100	515.583
525.240	516.064
525.390	516.297
525.540	515.991
525.690	513.772
525.840	513.542
525.990	515.348
526.130	515.159
526.280	514.243
526.430	513.937
526.580	514.316
526.730	515.186
526.880	512.789
527.020	512.301
527.170	514.779
527.320	515.267
527.470	514.989
527.620	514.640
527.770	515.475
527.910	514.972
528.060	512.874
528.210	513.119
528.360	515.725
528.510	516.841
528.660	516.068
528.800	516.770
528.950	517.945
529.100	516.734
529.250	514.107
529.400	513.734
529.550	514.640
529.690	514.147
529.840	512.063
529.990	512.399
530.140	514.130
530.290	512.132
530.440	510.821
530.580	510.996
530.730	513.804
530.880	514.270
531.030	512.393
531.180	513.654
531.330	515.373
531.480	515.975
531.620	513.806
531.770	513.493
531.920	515.983
532.070	515.430
532.220	514.145
532.370	513.729
532.520	514.229
532.660	514.371
532.810	511.906
532.960	512.137
533.110	514.337
533.260	514.513
533.410	514.493
533.560	514.381
533.710	515.855
533.850	515.813
534.000	514.373
534.150	513.176
534.300	515.875
534.450	516.114
534.600	514.514
534.750	514.565
534.890	514.604
535.040	515.524
535.190	512.230
535.340	512.121
535.490	514.805
535.640	515.022
535.790	513.519
535.940	513.161
536.080	513.338
536.230	512.902
536.380	509.903
536.530	509.766
536.680	511.981
536.830	511.449
536.980	511.336
537.130	511.077
537.280	511.830
537.420	510.983
537.570	508.527
537.720	509.524
537.870	512.003
538.020	513.006
538.170	512.568
538.320	513.612
538.470	515.275
538.620	515.748
538.760	514.072
538.910	514.121
539.060	515.413
539.210	515.698
539.360	515.392
539.510	515.822
539.660	517.380
539.810	517.453
539.960	516.662
540.110	516.854
540.250	519.282
540.400	518.289
540.550	517.176
540.700	517.236
540.850	518.793
541.000	517.903
541.150	515.007
541.300	514.702
541.450	516.268
541.600	516.191
541.740	514.589
541.890	516.366
542.040	516.473
542.190	516.593
542.340	514.017
542.490	513.675
542.640	516.330
542.790	514.980
542.940	515.112
543.090	515.144
543.240	516.148
543.390	515.946
543.530	512.837
543.680	513.101
543.830	515.658
543.980	515.646
544.130	514.162
544.280	514.535
544.430	514.900
544.580	514.381
544.730	511.695
544.880	511.936
545.030	515.328
545.180	514.688
545.330	514.083
545.480	513.960
545.620	513.858
545.770	514.404
545.920	511.492
546.070	511.608
546.220	513.485
546.370	513.238
546.520	512.627
546.670	511.976
546.820	511.723
546.970	510.918
547.120	509.402
547.270	509.144
547.420	512.204
547.570	511.331
547.720	511.102
547.870	511.805
548.010	513.060
548.160	514.171
548.310	511.845
548.460	512.860
548.610	514.752
548.760	515.138
548.910	514.895
549.060	514.087
549.210	515.089
549.360	514.231
549.510	512.555
549.660	512.915
549.810	514.925
549.960	515.178
550.110	514.461
550.260	515.928
550.410	517.571
550.560	517.521
550.710	514.618
550.860	514.569
551.010	517.249
551.160	515.712
551.300	514.216
551.450	513.807
551.600	515.202
551.750	515.122
551.900	512.223
552.050	513.826
552.200	516.304
552.350	516.879
552.500	515.344
552.650	515.701
552.800	516.721
552.950	515.952
553.100	513.394
553.250	512.447
553.400	514.075
553.550	513.647
553.700	512.673
553.850	512.415
554.000	512.735
554.150	512.913
554.300	511.293
554.450	511.176
554.600	513.337
554.750	513.788
554.900	514.054
555.050	514.061
555.200	514.505
555.350	514.710
555.500	512.648
555.650	512.015
555.800	513.800
555.950	513.872
556.100	513.966
556.250	513.890
556.400	514.275
556.550	514.742
556.700	513.579
556.850	513.338
557.000	514.871
557.150	515.168
557.300	514.356
557.450	513.275
557.600	513.111
557.750	513.791
557.900	512.270
558.050	512.279
558.200	513.136
558.350	513.188
558.500	512.726
558.650	512.535
558.800	512.638
558.950	511.656
559.100	510.941
559.250	512.100
559.400	514.455
559.550	514.877
559.700	515.178
559.850	516.689
560.000	517.691
560.150	517.227
560.300	514.742
560.450	514.295
560.600	515.702
560.750	515.667
560.900	514.951
561.050	515.680
561.200	515.786
561.350	516.524
561.500	515.175
561.650	514.124
561.800	516.461
561.950	515.554
562.100	515.311
562.250	514.602
562.400	514.527
562.550	516.453
562.700	513.272
562.850	513.356
563.000	514.734
563.150	514.567
563.300	515.129
563.450	513.925
563.600	514.480
563.750	514.790
563.900	513.541
564.050	513.997
564.200	514.985
564.350	514.659
564.500	514.216
564.660	514.877
564.810	515.753
564.960	514.976
565.110	513.606
565.260	513.272
565.410	516.233
565.560	515.763
565.710	515.009
565.860	515.624
566.010	516.124
566.160	516.391
566.310	513.666
566.460	512.922
566.610	515.646
566.760	515.113
566.910	513.921
567.060	514.278
567.210	515.489
567.360	516.843
567.510	513.867
567.660	514.407
567.810	515.752
567.970	515.851
568.120	515.289
568.270	514.431
568.420	515.308
568.570	515.434
568.720	514.258
568.870	514.100
569.020	516.732
569.170	517.925
569.320	517.007
569.470	517.367
569.620	517.714
569.770	518.007
569.920	515.251
570.070	514.761
570.220	517.389
570.380	516.857
570.530	517.264
570.680	517.568
570.830	518.412
570.980	517.805
571.130	515.438
571.280	515.048
571.430	516.679
571.580	515.487
571.730	513.903
571.880	513.973
572.030	514.744
572.180	515.221
572.340	512.122
572.490	512.784
572.640	515.758
572.790	515.888
572.940	515.233
573.090	515.057
573.240	516.258
573.390	515.855
573.540	512.827
573.690	511.478
573.840	512.674
573.990	512.052
574.150	510.176
574.300	510.250
574.450	510.450
574.600	510.682
574.750	508.202
574.900	507.361
575.050	510.312
575.200	510.042
575.350	510.632
575.500	511.916
575.650	514.606
575.810	517.270
575.960	515.202
576.110	515.606
576.260	517.005
576.410	516.589
576.560	514.244
576.710	512.850
576.860	513.342
577.010	513.660
577.160	512.124
577.320	512.958
577.470	515.407
577.620	515.464
577.770	515.515
577.920	515.464
578.070	516.820
578.220	515.909
578.370	514.900
578.520	515.744
578.680	519.216
578.830	519.116
578.980	517.686
579.130	518.326
579.280	518.538
579.430	518.887
579.580	515.677
579.730	516.958
579.890	519.425
580.040	519.142
580.190	518.098
580.340	517.256
580.490	517.591
580.640	517.256
580.790	514.563
580.940	514.677
581.100	518.235
581.250	518.316
581.400	517.649
581.550	516.602
581.700	518.475
581.850	519.136
582.000	515.990
582.150	516.648
582.310	519.130
582.460	519.744
582.610	518.363
582.760	517.544
582.910	517.704
583.060	517.129
583.210	514.261
583.370	513.370
583.520	515.751
583.670	515.994
583.820	515.003
583.970	514.956
584.120	515.594
584.270	516.195
584.430	512.994
584.580	512.804
584.730	514.971
584.880	514.340
585.030	513.491
585.180	512.909
585.330	514.370
585.490	513.526
585.640	511.191
585.790	510.986
585.940	514.519
586.090	514.145
586.240	512.864
586.390	514.164
586.550	515.425
586.700	516.078
586.850	513.556
587.000	515.643
587.150	520.144
587.300	532.663
587.460	561.223
587.610	596.274
587.760	632.011
587.910	668.702
588.060	708.229
588.210	739.993
588.370	755.420
588.520	760.300
588.670	760.480
588.820	757.867
588.970	747.118
589.120	732.114
589.280	714.893
589.430	701.665
589.580	691.810
589.730	678.750
589.880	666.081
590.030	655.577
590.190	645.775
590.340	636.300
590.490	624.137
590.640	616.443
590.790	612.152
590.950	605.772
591.100	599.109
591.250	593.030
591.400	591.391
591.550	588.313
591.700	582.356
591.860	578.040
592.010	576.636
592.160	572.598
592.310	564.320
592.460	557.412
592.620	551.849
592.770	546.159
592.920	538.808
593.070	533.146
593.220	531.599
593.380	526.446
593.530	522.720
593.680	519.972
593.830	518.716
593.980	517.440
594.140	513.518
594.290	513.337
594.440	514.531
594.590	514.375
594.740	512.908
594.900	512.245
595.050	513.626
595.200	514.026
595.350	512.083
595.500	511.048
595.660	513.515
595.810	512.841
595.960	511.728
596.110	511.073
596.260	511.228
596.420	511.413
596.570	508.478
596.720	508.297
596.870	509.171
597.020	509.579
597.180	510.067
597.330	510.447
597.480	510.817
597.630	510.683
597.790	509.940
597.940	510.061
598.090	511.794
598.240	511.491
598.390	511.890
598.550	513.370
598.700	513.633
598.850	514.145
599.000	511.163
599.160	511.413
599.310	512.505
599.460	511.790
599.610	511.538
599.760	510.835
599.920	512.905
600.070	512.850
600.220	512.224
600.370	512.924
600.530	516.905
600.680	516.882
600.830	515.550
600.980	516.335
601.140	516.776
601.290	516.754
601.440	512.419
601.590	512.659
601.750	513.576
601.900	511.969
602.050	509.789
602.200	509.662
602.360	510.534
602.510	509.846
602.660	508.301
602.810	509.095
602.960	511.620
603.120	510.286
603.270	509.140
603.420	509.494
603.570	509.546
603.730	508.909
603.880	506.221
604.030	507.700
604.180	510.525
604.340	509.904
604.490	509.841
604.640	510.885
604.800	512.619
604.950	511.693
605.100	509.110
605.250	509.181
605.410	510.804
605.560	510.296
605.710	509.721
605.860	509.800
606.020	510.376
606.170	511.238
606.320	509.348
606.470	509.321
606.630	510.695
606.780	510.816
606.930	509.838
607.080	509.203
607.240	509.138
607.390	509.381
607.540	507.125
607.700	507.255
607.850	511.147
608.000	512.104
608.150	512.170
608.310	511.407
608.460	512.214
608.610	513.281
608.760	510.194
608.920	509.721
609.070	512.124
609.220	512.729
609.380	512.391
609.530	510.831
609.680	511.507
609.830	511.568
609.990	508.354
610.140	509.499
610.290	513.100
610.450	513.697
610.600	512.941
610.750	513.482
610.900	516.246
611.060	515.957
611.210	513.345
611.360	514.471
611.520	518.014
611.670	519.753
611.820	518.636
611.970	519.469
612.130	521.225
612.280	521.968
612.430	520.471
612.590	520.437
612.740	524.369
612.890	524.708
613.050	523.245
613.200	523.371
613.350	523.421
613.500	522.383
613.660	519.363
613.810	519.134
613.960	521.564
614.120	520.600
614.270	519.586
614.420	520.792
614.580	520.472
614.730	520.309
614.880	517.455
615.040	518.230
615.190	521.365
615.340	520.080
615.500	520.314
615.650	520.410
615.800	521.502
615.950	522.048
616.110	518.843
616.260	518.821
616.410	520.961
616.570	520.810
616.720	520.362
616.870	520.669
617.030	523.124
617.180	523.850
617.330	522.806
617.490	523.368
617.640	526.387
617.790	525.545
617.950	524.921
618.100	525.224
618.250	524.894
618.410	525.424
618.560	523.208
618.710	524.262
618.870	525.829
619.020	526.170
619.170	525.785
619.330	525.929
619.480	526.924
619.630	527.445
619.790	524.928
619.940	525.916
620.090	529.362
620.250	529.103
620.400	528.543
620.550	527.406
620.710	527.872
620.860	526.655
621.010	524.479
621.170	523.942
621.320	524.560
621.470	524.147
621.630	523.429
621.780	522.632
621.930	521.584
622.090	521.301
622.240	519.737
622.400	519.041
622.550	521.087
622.700	520.928
622.860	519.904
623.010	520.011
623.160	520.744
623.320	520.803
623.470	518.889
623.620	518.557
623.780	520.659
623.930	519.987
624.080	519.519
624.240	519.618
624.390	520.402
624.550	520.699
624.700	519.865
624.850	520.289
625.010	522.144
625.160	522.416
625.310	521.057
625.470	521.426
625.620	520.892
625.770	519.964
625.930	517.133
626.080	515.938
626.240	516.906
626.390	515.601
626.540	514.928
626.700	515.136
626.850	515.616
627.000	516.135
627.160	514.435
627.310	515.023
627.470	517.277
627.620	516.884
627.770	516.846
627.930	516.854
628.080	517.641
628.230	517.647
628.390	514.992
628.540	514.862
628.700	517.106
628.850	516.264
629.000	515.778
629.160	514.958
629.310	515.322
629.470	515.755
629.620	513.456
629.770	513.587
629.930	515.743
630.080	515.026
630.240	515.209
630.390	515.157
630.540	515.934
630.700	515.651
630.850	513.843
631.010	515.164
631.160	516.572
631.310	516.225
631.470	514.801
631.620	515.481
631.780	515.626
631.930	514.026
632.080	511.252
632.240	510.634
632.390	512.696
632.550	512.436
632.700	511.477
632.850	513.578
633.010	515.641
633.160	516.873
633.320	514.270
633.470	513.784
633.620	516.946
633.780	515.575
633.930	514.158
634.090	514.654
634.240	515.643
634.390	516.363
634.550	513.528
634.700	513.871
634.860	516.069
635.010	515.030
635.170	515.180
635.320	514.530
635.470	515.279
635.630	515.257
635.780	512.412
635.940	512.274
636.090	513.105
636.250	512.578
636.400	510.927
636.550	510.996
636.710	511.483
636.860	510.826
637.020	509.040
637.170	509.374
637.330	512.855
637.480	513.110
637.630	513.382
637.790	514.456
637.940	516.376
638.100	516.747
638.250	514.619
638.410	514.054
638.560	516.240
638.710	515.915
638.870	515.071
639.020	515.423
639.180	516.244
639.330	517.177
639.490	514.669
639.640	514.508
639.800	516.596
639.950	516.374
640.100	514.642
640.260	514.568
640.410	515.708
640.570	515.726
640.720	512.977
640.880	512.920
641.030	515.063
641.190	514.990
641.340	514.402
641.500	514.199
641.650	514.422
641.800	514.457
641.960	512.390
642.110	511.814
642.270	513.439
642.420	512.948
642.580	513.223
642.730	513.512
642.890	514.301
643.040	513.734
643.200	510.803
643.350	511.415
643.500	512.128
643.660	512.270
643.810	511.398
643.970	511.540
644.120	513.626
644.280	513.118
644.430	511.290
644.590	511.093
644.740	514.094
644.900	514.957
645.050	513.193
645.210	513.963
645.360	514.151
645.520	513.855
645.670	510.793
645.830	510.860
645.980	512.784
646.140	512.240
646.290	511.815
646.440	511.676
646.600	511.853
646.750	510.832
646.910	508.534
647.060	507.561
647.220	509.905
647.370	509.550
647.530	509.108
647.680	510.229
647.840	511.865
647.990	513.570
648.150	511.598
648.300	511.483
648.460	514.378
648.610	514.170
648.770	513.083
648.920	512.823
649.080	512.721
649.230	512.940
649.390	510.291
649.540	509.440
649.700	512.246
649.850	512.287
650.010	512.763
650.160	513.104
650.320	514.251
650.470	514.997
650.630	513.293
650.780	512.870
650.940	514.672
651.090	514.419
651.250	513.095
651.400	513.302
651.560	512.423
651.710	512.580
651.870	510.505
652.020	510.724
652.180	512.722
652.330	511.040
652.490	511.821
652.640	512.578
652.800	513.103
652.950	512.709
653.110	510.633
653.260	511.919
653.420	513.556
653.570	511.734
653.730	511.189
653.890	512.062
654.040	512.799
654.200	513.138
654.350	509.899
654.510	511.704
654.660	514.452
654.820	515.971
654.970	517.711
655.130	520.002
655.280	524.158
655.440	525.891
655.590	525.384
655.750	526.304
655.900	527.580
656.060	526.317
656.210	524.569
656.370	523.529
656.520	523.237
656.680	521.938
656.840	520.534
656.990	520.884
657.150	524.168
657.300	524.012
657.460	522.976
657.610	523.515
657.770	524.008
657.920	524.200
658.080	520.597
658.230	521.129
658.390	523.973
658.550	524.431
658.700	522.577
658.860	521.754
659.010	522.378
659.170	521.365
659.320	518.675
659.480	517.618
659.630	519.445
659.790	518.589
659.940	518.524
660.100	519.807
660.260	520.356
660.410	519.755
660.570	518.239
660.720	519.025
660.880	519.557
661.030	519.192
661.190	517.210
661.340	516.992
661.500	518.060
661.660	517.067
661.810	514.852
661.970	513.364
662.120	515.851
662.280	515.418
662.430	513.358
662.590	514.298
662.750	514.146
662.900	513.417
663.060	511.168
663.210	509.809
663.370	511.914
663.520	510.434
663.680	509.850
663.840	509.855
663.990	509.818
664.150	509.944
664.300	507.649
664.460	507.157
664.610	510.103
664.770	510.522
664.930	510.852
665.080	511.583
665.240	512.105
665.390	512.983
665.550	510.632
665.700	510.847
665.860	512.640
666.020	512.215
666.170	512.199
666.330	512.449
666.480	513.324
666.640	512.481
666.800	510.295
666.950	511.182
667.110	513.658
667.260	512.403
667.420	511.380
667.580	511.884
667.730	514.071
667.890	513.306
668.040	510.676
668.200	510.940
668.360	513.758
668.510	513.958
668.670	512.109
668.820	513.177
668.980	513.616
669.140	515.400
669.290	513.199
669.450	514.038
669.600	517.172
669.760	517.046
669.920	516.623
670.070	515.426
670.230	515.693
670.380	515.042
670.540	512.313
670.700	511.638
670.850	513.784
671.010	513.155
671.160	510.830
671.320	510.715
671.480	510.530
671.630	510.183
671.790	508.388
671.940	509.094
672.100	513.094
672.260	512.999
672.410	512.235
672.570	512.760
672.730	512.391
672.880	513.032
673.040	510.900
673.190	510.906
673.350	513.008
673.510	513.062
673.660	512.495
673.820	512.623
673.980	513.937
674.130	513.822
674.290	513.270
674.440	513.650
674.600	517.047
674.760	517.326
674.910	516.450
675.070	517.556
675.230	517.261
675.380	519.141
675.540	517.186
675.700	516.142
675.850	516.993
676.010	516.271
676.160	516.396
676.320	514.471
676.480	513.743
676.630	514.595
676.790	514.179
676.950	514.390
677.100	516.144
677.260	516.875
677.420	517.446
677.570	517.136
677.730	517.367
677.890	517.349
678.040	516.023
678.200	515.591
678.350	517.951
678.510	517.999
678.670	516.941
678.820	518.013
678.980	518.351
679.140	518.228
679.290	516.303
679.450	516.485
679.610	520.086
679.760	519.043
679.920	517.875
680.080	518.437
680.230	518.650
680.390	518.300
680.550	514.925
680.700	516.035
680.860	518.483
681.020	518.514
681.170	518.719
681.330	519.610
681.490	520.357
681.640	519.098
681.800	516.534
681.960	515.756
682.110	516.405
682.270	516.029
682.430	514.838
682.580	515.286
682.740	514.901
682.900	515.753
683.050	513.393
683.210	513.226
683.370	515.276
683.520	515.314
683.680	516.004
683.840	515.501
683.990	516.296
684.150	515.658
684.310	513.678
684.460	512.934
684.620	514.680
684.780	514.466
684.940	513.477
685.090	513.378
685.250	513.769
685.410	514.699
685.560	511.260
685.720	510.903
685.880	512.653
686.030	512.176
686.190	511.596
686.350	510.329
686.500	511.503
686.660	512.128
686.820	510.933
686.980	511.402
687.130	514.398
687.290	514.654
687.450	514.847
687.600	514.475
687.760	515.303
687.920	516.027
688.070	513.214
688.230	513.656
688.390	516.216
688.550	516.761
688.700	516.546
688.860	516.627
689.020	517.862
689.170	518.145
689.330	515.705
689.490	515.084
689.640	517.058
689.800	516.773
689.960	515.143
690.120	515.565
690.270	515.705
690.430	515.646
690.590	513.315
690.740	513.724
690.900	515.942
691.060	515.698
691.220	515.383
691.370	515.902
691.530	515.971
691.690	516.681
691.840	514.753
692.000	513.863
692.160	516.730
692.320	516.382
692.470	515.511
692.630	513.709
692.790	514.234
692.950	514.678
693.100	511.695
693.260	511.916
693.420	514.072
693.570	515.188
693.730	514.857
693.890	514.944
694.050	516.220
694.200	515.971
694.360	514.660
694.520	514.681
694.680	517.422
694.830	518.262
694.990	517.059
695.150	517.808
695.310	518.391
695.460	518.316
695.620	515.206
695.780	514.732
695.940	515.891
696.090	515.268
696.250	514.144
696.410	514.031
696.570	515.617
696.720	515.397
696.880	514.267
697.040	514.493
697.200	517.717
697.350	517.061
697.510	515.605
697.670	515.763
697.830	516.883
697.980	516.020
698.140	513.187
698.300	513.371
698.460	516.177
698.610	516.240
698.770	515.640
698.930	517.000
699.090	517.739
699.240	518.367
699.400	516.268
699.560	517.129
699.720	520.604
699.870	520.500
700.030	520.769
700.190	521.128
700.350	523.140
700.500	522.698
700.660	519.772
700.820	519.941
700.980	521.689
701.140	521.069
701.290	518.947
701.450	518.768
701.610	518.340
701.770	518.055
701.920	515.154
702.080	515.183
702.240	516.841
702.400	516.684
702.550	516.944
702.710	516.567
702.870	517.715
703.030	517.855
703.190	515.252
703.340	515.497
703.500	517.028
703.660	516.903
703.820	515.785
703.980	516.141
704.130	518.718
704.290	518.571
704.450	516.143
704.610	517.383
704.760	519.476
704.920	519.526
705.080	518.223
705.240	518.381
705.400	519.804
705.550	518.471
705.710	516.648
705.870	516.386
706.030	517.098
706.190	517.385
706.340	516.221
706.500	515.752
706.660	516.391
706.820	516.131
706.980	514.744
707.130	514.218
707.290	516.357
707.450	517.148
707.610	516.617
707.770	516.818
707.920	517.817
708.080	517.622
708.240	515.044
708.400	514.621
708.560	517.183
708.710	516.864
708.870	516.110
709.030	516.192
709.190	516.786
709.350	517.361
709.510	514.136
709.660	513.682
709.820	516.686
709.980	516.434
710.140	516.366
710.300	516.248
710.450	517.911
710.610	518.254
710.770	515.691
710.930	515.763
711.090	518.931
711.250	518.878
711.400	517.422
711.560	518.872
711.720	519.965
711.880	520.889
712.040	518.383
712.190	520.056
712.350	523.004
712.510	522.205
712.670	521.694
712.830	521.695
712.990	521.583
713.140	520.430
713.300	517.433
713.460	517.312
713.620	518.112
713.780	517.865
713.940	517.145
714.090	516.685
714.250	518.198
714.410	518.290
714.570	516.751
714.730	517.127
714.890	520.354
715.050	520.923
715.200	520.042
715.360	521.352
715.520	522.229
715.680	521.945
715.840	520.301
716.000	520.397
716.150	522.332
716.310	521.691
716.470	520.622
716.630	521.144
716.790	520.523
716.950	520.585
717.110	519.038
717.260	518.656
717.420	522.293
717.580	521.661
717.740	521.131
717.900	521.426
718.060	523.365
718.220	524.110
718.370	521.203
718.530	521.782
718.690	524.434
718.850	524.117
719.010	521.449
719.170	520.698
719.330	522.035
719.480	520.976
719.640	517.070
719.800	516.348
719.960	519.093
720.120	518.475
720.280	516.597
720.440	517.508
720.600	519.311
720.750	519.917
720.910	517.492
721.070	519.357
721.230	521.226
721.390	521.237
721.550	520.548
721.710	520.278
721.870	521.068
722.020	520.514
722.180	518.522
722.340	517.903
722.500	519.162
722.660	518.988
722.820	518.372
722.980	517.313
723.140	519.185
723.300	518.247
723.450	518.128
723.610	518.004
723.770	520.243
723.930	520.964
724.090	518.990
724.250	520.812
724.410	520.301
724.570	519.801
724.730	517.515
724.880	516.856
725.040	519.299
725.200	518.016
725.360	518.835
725.520	518.847
725.680	519.450
725.840	518.477
726.000	515.802
726.160	516.210
726.320	515.999
726.470	516.313
726.630	515.100
726.790	516.066
726.950	517.326
727.110	517.546
727.270	516.241
727.430	516.625
727.590	520.800
727.750	520.913
727.910	520.320
728.060	520.491
728.220	521.641
728.380	521.970
728.540	518.749
728.700	519.488
728.860	522.158
729.020	521.264
729.180	520.421
729.340	521.125
729.500	520.523
729.660	518.917
729.820	516.077
729.970	515.542
730.130	518.508
730.290	517.397
730.450	516.795
730.610	518.220
730.770	519.751
730.930	520.825
731.090	518.390
731.250	518.753
731.410	522.267
731.570	521.990
731.730	519.748
731.890	519.995
732.050	521.323
732.200	520.247
732.360	517.982
732.520	517.872
732.680	520.756
732.840	521.180
733.000	519.076
733.160	520.724
733.320	521.137
733.480	521.298
733.640	518.547
733.800	517.526
733.960	520.403
734.120	519.483
734.280	518.296
734.440	518.059
734.600	519.270
734.750	519.646
734.910	516.350
735.070	516.766
735.230	518.308
735.390	518.422
735.550	517.608
735.710	517.514
735.870	518.502
736.030	517.832
736.190	515.734
736.350	515.126
736.510	516.437
736.670	515.321
736.830	513.132
736.990	513.732
737.150	513.561
737.310	513.705
737.470	511.001
737.630	511.756
