209.920	520.017
210.050	523.545
210.180	524.545
210.310	524.767
210.430	524.477
210.560	528.095
210.690	528.148
210.820	527.230
210.950	526.911
211.080	528.378
211.210	529.678
211.340	527.377
211.470	527.425
211.600	529.025
211.730	529.544
211.860	527.877
211.990	527.859
212.120	527.512
212.250	526.701
212.380	524.490
212.510	524.004
212.640	526.779
212.770	526.881
212.890	526.523
213.020	526.825
213.150	528.528
213.280	529.676
213.410	526.512
213.540	526.197
213.670	528.685
213.800	529.018
213.930	526.772
214.060	526.271
214.190	526.549
214.320	526.700
214.450	524.019
214.580	523.528
214.710	526.888
214.840	526.935
214.970	526.806
215.100	526.198
215.230	526.696
215.360	527.138
215.490	523.870
215.620	523.564
215.750	525.833
215.880	527.091
216.010	527.091
216.140	527.677
216.270	528.914
216.400	529.273
216.530	527.213
216.660	526.406
216.790	528.353
216.920	526.905
217.050	526.105
217.180	525.135
217.310	525.609
217.440	525.319
217.570	522.679
217.700	522.368
217.820	522.883
217.950	522.696
218.080	522.513
218.210	521.958
218.340	521.211
218.470	521.542
218.600	520.493
218.730	520.011
218.860	521.847
218.990	521.937
219.120	522.257
219.250	522.240
219.380	522.536
219.510	523.492
219.640	520.860
219.770	520.835
219.900	522.942
220.030	523.260
220.160	523.708
220.290	523.282
220.420	524.166
220.550	524.178
220.680	522.854
220.810	522.572
220.940	524.487
221.070	524.287
221.200	523.571
221.340	525.043
221.470	525.160
221.600	525.186
221.730	523.059
221.860	523.829
221.990	525.143
222.120	522.998
222.250	522.229
222.380	521.751
222.510	521.159
222.640	520.516
222.770	518.614
222.900	521.143
223.030	523.198
223.160	524.166
223.290	524.922
223.420	525.322
223.550	525.868
223.680	524.198
223.810	522.180
223.940	521.445
224.070	522.601
224.200	521.954
224.330	520.698
224.460	520.016
224.590	519.528
224.720	519.782
224.850	517.534
224.980	518.187
225.110	521.623
225.240	522.614
225.370	523.031
225.500	523.335
225.630	523.326
225.760	521.866
225.890	518.752
226.020	517.728
226.150	518.219
226.290	517.681
226.420	517.841
226.550	519.566
226.680	520.858
226.810	520.969
226.940	520.256
227.070	520.563
227.200	524.083
227.330	523.212
227.460	523.080
227.590	523.390
227.720	524.557
227.850	524.729
227.980	521.824
228.110	522.789
228.240	524.008
228.370	523.128
228.500	522.044
228.630	521.118
228.770	521.426
228.900	520.266
229.030	518.907
229.160	519.515
229.290	522.239
229.420	523.032
229.550	522.314
229.680	523.528
229.810	523.875
229.940	524.554
230.070	522.500
230.200	522.407
230.330	525.088
230.460	524.475
230.590	523.657
230.720	524.530
230.860	524.269
230.990	524.329
231.120	522.187
231.250	521.679
231.380	523.590
231.510	522.178
231.640	521.651
231.770	520.853
231.900	521.814
232.030	522.099
232.160	520.400
232.290	520.120
232.420	522.326
232.560	522.705
232.690	521.204
232.820	520.587
232.950	520.631
233.080	520.541
233.210	518.515
233.340	518.798
233.470	521.625
233.600	523.056
233.730	522.785
233.860	523.471
234.000	524.839
234.130	526.671
234.260	524.538
234.390	524.382
234.520	525.355
234.650	525.708
234.780	524.559
234.910	523.049
235.040	523.505
235.170	523.407
235.300	523.457
235.440	524.162
235.570	527.325
235.700	527.378
235.830	527.794
235.960	527.674
236.090	527.730
236.220	527.027
236.350	523.191
236.480	523.392
236.620	524.683
236.750	524.584
236.880	523.643
237.010	524.236
237.140	526.113
237.270	526.787
237.400	524.006
237.530	524.144
237.660	528.208
237.800	527.087
237.930	525.721
238.060	524.570
238.190	525.975
238.320	526.006
238.450	521.824
238.580	522.327
238.710	523.318
238.840	523.795
238.980	522.606
239.110	521.979
239.240	522.911
239.370	522.674
239.500	521.597
239.630	521.370
239.760	523.566
239.890	523.147
240.030	522.850
240.160	523.121
240.290	523.832
240.420	523.874
240.550	522.220
240.680	523.418
240.810	525.442
240.950	525.090
241.080	524.468
241.210	524.849
241.340	524.861
241.470	524.174
241.600	521.449
241.730	520.891
241.870	523.984
242.000	523.051
242.130	522.559
242.260	523.321
242.390	523.691
242.520	524.764
242.650	522.335
242.790	523.506
242.920	523.938
243.050	523.776
243.180	523.665
243.310	523.693
243.440	524.725
243.570	523.473
243.710	522.521
243.840	523.698
243.970	526.655
244.100	526.070
244.230	524.556
244.360	524.800
244.500	526.889
244.630	525.788
244.760	523.046
244.890	523.325
245.020	525.850
245.150	526.818
245.280	525.684
245.420	525.984
245.550	527.124
245.680	528.460
245.810	526.052
245.940	525.819
246.070	528.976
246.210	528.103
246.340	526.810
246.470	526.405
246.600	526.865
246.730	526.860
246.860	524.504
247.000	525.177
247.130	526.983
247.260	526.799
247.390	526.320
247.520	525.862
247.660	524.849
247.790	524.092
247.920	522.357
248.050	522.635
248.180	524.772
248.310	524.682
248.450	524.803
248.580	525.714
248.710	526.173
248.840	524.577
248.970	522.695
249.110	522.578
249.240	524.903
249.370	524.630
249.500	524.435
249.630	525.031
249.770	525.116
249.900	525.601
250.030	522.201
250.160	521.890
250.290	523.404
250.420	523.310
250.560	523.391
250.690	523.100
250.820	525.009
250.950	525.283
251.080	523.754
251.220	524.167
251.350	524.947
251.480	525.014
251.610	524.179
251.740	523.269
251.880	523.925
252.010	523.876
252.140	522.988
252.270	523.221
252.400	525.380
252.540	526.045
252.670	524.937
252.800	525.443
252.930	526.002
253.070	526.528
253.200	524.314
253.330	524.975
253.460	527.260
253.590	526.625
253.730	526.646
253.860	525.484
253.990	526.708
254.120	525.957
254.250	524.302
254.390	524.209
254.520	526.133
254.650	526.828
254.780	526.030
254.920	526.055
255.050	526.896
255.180	526.676
255.310	523.562
255.440	523.047
255.580	524.294
255.710	524.643
255.840	523.566
255.970	523.765
256.110	524.992
256.240	524.660
256.370	522.848
256.500	522.621
256.640	523.417
256.770	522.822
256.900	521.279
257.030	521.935
257.170	522.598
257.300	521.677
257.430	520.419
257.560	519.983
257.690	522.592
257.830	522.470
257.960	521.131
258.090	522.272
258.220	523.532
258.360	524.036
258.490	522.776
258.620	522.732
258.750	525.659
258.890	525.640
259.020	524.786
259.150	525.808
259.280	525.729
259.420	526.038
259.550	523.464
259.680	523.657
259.810	525.363
259.950	525.223
260.080	524.759
260.210	525.051
260.340	525.641
260.480	525.813
260.610	524.953
260.740	524.502
260.870	527.624
261.010	527.321
261.140	528.201
261.270	528.436
261.410	529.371
261.540	530.205
261.670	528.012
261.800	528.357
261.940	530.544
262.070	530.026
262.200	528.677
262.330	528.374
262.470	528.898
262.600	528.184
262.730	524.151
262.860	523.944
263.000	525.214
263.130	524.754
263.260	522.368
263.400	523.530
263.530	524.574
263.660	524.958
263.790	523.862
263.930	523.463
264.060	526.162
264.190	524.747
264.330	523.936
264.460	524.288
264.590	524.263
264.720	525.072
264.860	523.973
264.990	524.858
265.120	527.923
265.260	528.281
265.390	527.755
265.520	528.408
265.650	527.957
265.790	527.275
265.920	524.743
266.050	523.794
266.190	526.262
266.320	525.057
266.450	524.012
266.580	524.679
266.720	525.700
266.850	525.992
266.980	523.276
267.120	523.160
267.250	526.219
267.380	525.986
267.520	524.485
267.650	524.457
267.780	525.755
267.910	526.673
268.050	524.687
268.180	525.623
268.310	527.209
268.450	527.622
268.580	526.619
268.710	525.869
268.850	526.013
268.980	524.921
269.110	524.186
269.250	523.983
269.380	526.516
269.510	527.056
269.640	526.860
269.780	526.773
269.910	527.817
270.040	527.884
270.180	524.908
270.310	524.913
270.440	527.109
270.580	527.512
270.710	526.639
270.840	526.107
270.980	527.271
271.110	526.922
271.240	524.341
271.380	524.244
271.510	526.599
271.640	526.434
271.780	526.258
271.910	526.516
272.040	527.995
272.180	528.518
272.310	525.738
272.440	525.984
272.580	526.950
272.710	526.999
272.840	525.908
272.980	524.607
273.110	524.786
273.240	524.386
273.380	522.172
273.510	522.269
273.640	523.893
273.780	523.364
273.910	523.344
274.040	523.513
274.180	523.880
274.310	523.427
274.440	520.730
274.580	521.990
274.710	523.422
274.840	522.614
274.980	522.262
275.110	521.611
275.240	521.754
275.380	521.033
275.510	518.798
275.650	519.033
275.780	521.766
275.910	521.935
276.050	521.724
276.180	522.023
276.310	522.862
276.450	522.646
276.580	519.781
276.710	519.567
276.850	520.871
276.980	520.584
277.110	519.832
277.250	520.730
277.380	521.699
277.520	522.474
277.650	521.256
277.780	521.781
277.920	525.813
278.050	525.729
278.180	526.105
278.320	526.553
278.450	528.498
278.580	529.182
278.720	526.406
278.850	527.649
278.990	529.163
279.120	529.627
279.250	529.066
279.390	529.019
279.520	529.875
279.650	530.968
279.790	531.487
279.920	532.965
280.060	537.792
280.190	541.399
280.320	543.619
280.460	545.724
280.590	548.845
280.730	550.616
280.860	549.100
280.990	551.128
281.130	554.165
281.260	555.169
281.390	556.207
281.530	558.615
281.660	560.989
281.800	561.777
281.930	561.187
282.060	563.361
282.200	565.294
282.330	565.601
282.470	565.629
282.600	565.207
282.730	565.463
282.870	565.399
283.000	563.436
283.140	564.530
283.270	567.240
283.400	567.243
283.540	567.913
283.670	569.469
283.810	572.763
283.940	574.775
284.070	575.415
284.210	579.021
284.340	583.413
284.480	583.526
284.610	582.768
284.740	581.668
284.880	581.154
285.010	579.266
285.150	576.098
285.280	574.578
285.410	573.069
285.550	570.570
285.680	567.226
285.820	563.722
285.950	562.197
286.090	559.935
286.220	557.504
286.350	555.880
286.490	557.113
286.620	556.912
286.760	555.040
286.890	554.323
287.020	555.843
287.160	556.139
287.290	555.296
287.430	555.549
287.560	557.623
287.700	557.141
287.830	556.377
287.960	556.426
288.100	556.965
288.230	557.121
288.370	555.230
288.500	557.229
288.640	559.816
288.770	561.215
288.900	560.719
289.040	562.010
289.170	564.644
289.310	564.955
289.440	563.422
289.580	562.895
289.710	567.102
289.850	567.729
289.980	566.409
290.110	565.869
290.250	565.128
290.380	565.076
290.520	560.810
290.650	560.190
290.790	561.670
290.920	560.880
291.060	559.893
291.190	558.904
291.320	557.558
291.460	556.537
291.590	554.016
291.730	553.328
291.860	554.640
292.000	554.098
292.130	553.329
292.270	551.992
292.400	550.999
292.540	550.614
292.670	547.103
292.800	545.922
292.940	548.248
293.070	547.690
293.210	547.162
293.340	547.129
293.480	547.605
293.610	548.285
293.750	545.161
293.880	546.504
294.020	546.889
294.150	546.931
294.290	546.288
294.420	545.752
294.550	546.915
294.690	545.825
294.820	544.956
294.960	545.040
295.090	548.744
295.230	549.789
295.360	549.032
295.500	548.996
295.630	549.900
295.770	549.660
295.900	546.525
296.040	545.074
296.170	546.778
296.310	546.522
296.440	545.678
296.580	545.562
296.710	545.628
296.850	545.697
296.980	543.453
297.120	542.729
297.250	544.488
297.380	544.436
297.520	543.082
297.650	543.254
297.790	543.254
297.920	543.292
298.060	540.283
298.190	537.679
298.330	539.269
298.460	538.807
298.600	537.366
298.730	537.010
298.870	536.748
299.000	537.191
299.140	534.193
299.270	532.773
299.410	534.947
299.540	534.050
299.680	533.732
299.810	533.872
299.950	535.389
300.080	535.526
300.220	534.125
300.350	534.922
300.490	535.721
300.620	535.426
300.760	534.238
300.890	534.957
301.030	534.324
301.160	534.879
301.300	534.348
301.430	534.741
301.570	538.186
301.700	538.671
301.840	538.793
301.980	538.831
302.110	539.875
302.250	541.005
302.380	539.352
302.520	539.305
302.650	541.424
302.790	541.906
302.920	542.372
303.060	542.924
303.190	543.957
303.330	544.308
303.460	543.888
303.600	544.950
303.730	548.266
303.870	549.306
304.000	549.374
304.140	551.317
304.270	553.401
304.410	555.360
304.540	554.651
304.680	557.537
304.820	562.733
304.950	566.053
305.090	570.130
305.220	580.200
305.360	605.287
305.490	644.864
305.630	693.594
305.760	756.598
305.900	833.968
306.030	909.401
306.170	972.902
306.300	1018.251
306.440	1051.456
306.570	1069.634
306.710	1069.313
306.850	1066.551
306.980	1066.337
307.120	1070.826
307.250	1079.433
307.390	1094.224
307.520	1113.588
307.660	1131.501
307.790	1146.397
307.930	1169.268
308.070	1207.789
308.200	1252.095
308.340	1296.823
308.470	1341.816
308.610	1391.472
308.740	1432.190
308.880	1454.181
309.010	1467.980
309.150	1480.694
309.290	1493.083
309.420	1498.057
309.560	1492.082
309.690	1489.891
309.830	1484.719
309.960	1472.112
310.100	1448.869
310.230	1427.925
310.370	1413.420
310.510	1389.995
310.640	1360.538
310.780	1332.195
310.910	1314.234
311.050	1289.971
311.180	1260.785
311.320	1238.193
311.460	1224.634
311.590	1214.711
311.730	1196.881
311.860	1180.773
312.000	1174.127
312.130	1163.875
312.270	1145.479
312.410	1123.885
312.540	1106.904
312.680	1093.170
312.810	1074.756
312.950	1058.499
313.090	1043.492
313.220	1033.711
313.360	1023.393
313.490	1013.687
313.630	1003.817
313.760	994.118
313.900	988.902
314.040	982.992
314.170	979.656
314.310	974.053
314.440	971.593
314.580	969.445
314.720	963.558
314.850	957.191
314.990	952.567
315.120	947.587
315.260	940.732
315.400	929.576
315.530	920.123
315.670	909.762
315.800	896.335
315.940	883.521
316.080	869.183
316.210	857.793
316.350	844.863
316.480	830.209
316.620	819.415
316.760	808.942
316.890	797.611
317.030	785.249
317.160	774.602
317.300	766.720
317.440	754.475
317.570	742.769
317.710	734.801
317.840	730.715
317.980	725.253
318.120	718.019
318.250	711.842
318.390	707.557
318.520	703.581
318.660	696.777
318.800	691.698
318.930	689.578
319.070	685.681
319.210	680.292
319.340	674.902
319.480	671.668
319.610	668.011
319.750	662.105
319.890	658.362
320.020	654.250
320.160	649.909
320.300	643.858
320.430	641.680
320.570	640.360
320.700	638.160
320.840	636.606
320.980	633.251
321.110	632.805
321.250	628.971
321.390	625.299
321.520	623.830
321.660	622.142
321.790	622.513
321.930	618.232
322.070	614.547
322.200	613.715
322.340	609.777
322.480	605.217
322.610	601.244
322.750	599.309
322.890	598.433
323.020	592.953
323.160	590.323
323.300	590.233
323.430	586.668
323.570	583.883
323.700	581.205
323.840	580.847
323.980	581.631
324.110	579.549
324.250	580.083
324.390	580.310
324.520	578.974
324.660	576.968
324.800	575.180
324.930	573.292
325.070	571.257
325.210	569.043
325.340	567.731
325.480	568.182
325.620	565.319
325.750	564.176
325.890	563.105
326.030	561.310
326.160	560.072
326.300	557.507
326.440	555.434
326.570	554.975
326.710	553.473
326.850	553.833
326.980	553.384
327.120	553.118
327.260	554.198
327.390	551.464
327.530	551.391
327.670	551.760
327.800	550.257
327.940	549.061
328.080	548.476
328.210	549.213
328.350	547.761
328.490	544.597
328.620	544.964
328.760	545.419
328.900	543.869
329.030	541.928
329.170	541.180
329.310	540.778
329.440	539.389
329.580	537.349
329.720	536.429
329.850	539.484
329.990	539.266
330.130	539.220
330.260	538.986
330.400	539.644
330.540	540.691
330.680	537.428
330.810	536.979
330.950	538.430
331.090	538.925
331.220	538.678
331.360	538.367
331.500	539.671
331.630	540.906
331.770	538.886
331.910	538.746
332.040	541.298
332.180	541.310
332.320	540.441
332.460	540.107
332.590	541.200
332.730	541.978
332.870	540.285
333.000	541.083
333.140	543.041
333.280	542.926
333.410	542.538
333.550	542.288
333.690	541.943
333.830	541.222
333.960	539.002
334.100	540.508
334.240	543.088
334.370	543.378
334.510	544.463
334.650	547.104
334.790	550.186
334.920	550.911
335.060	549.631
335.200	551.236
335.330	554.015
335.470	555.598
335.610	556.490
335.750	559.206
335.880	563.277
336.020	566.926
336.160	567.409
336.300	569.964
336.430	576.044
336.570	578.329
336.710	578.497
336.840	576.949
336.980	576.553
337.120	573.879
337.260	567.228
337.390	562.119
337.530	559.484
337.670	556.415
337.810	552.902
337.940	549.241
338.080	546.569
338.220	544.274
338.350	540.582
338.490	538.452
338.630	538.365
338.770	536.131
338.900	533.873
339.040	531.973
339.180	532.172
339.320	530.938
339.450	527.190
339.590	526.068
339.730	527.422
339.870	526.344
340.000	523.887
340.140	523.465
340.280	523.871
340.420	523.854
340.550	521.011
340.690	521.326
340.830	524.021
340.970	523.535
341.100	523.604
341.240	525.072
341.380	526.587
341.520	527.484
341.650	524.826
341.790	525.479
341.930	528.113
342.070	526.181
342.200	525.153
342.340	525.359
342.480	526.490
342.620	527.054
342.750	524.749
342.890	526.155
343.030	529.255
343.170	529.182
343.300	529.409
343.440	529.186
343.580	530.099
343.720	529.621
343.860	527.054
343.990	526.097
344.130	526.814
344.270	526.162
344.410	524.359
344.540	524.326
344.680	523.287
344.820	523.514
344.960	522.004
345.090	522.435
345.230	525.324
345.370	525.642
345.510	526.247
345.650	526.659
345.780	528.364
345.920	527.840
346.060	525.423
346.200	525.612
346.340	527.582
346.470	527.656
346.610	526.519
346.750	527.008
346.890	527.980
347.020	528.259
347.160	526.948
347.300	527.501
347.440	530.045
347.580	530.885
347.710	531.112
347.850	531.981
347.990	532.739
348.130	533.397
348.270	530.038
348.400	529.961
348.540	531.656
348.680	531.344
348.820	530.281
348.960	529.216
349.090	530.760
349.230	530.723
349.370	528.930
349.510	529.792
349.650	533.420
349.780	534.530
349.920	534.772
350.060	535.395
350.200	536.455
350.340	535.734
350.470	533.262
350.610	532.747
350.750	534.399
350.890	534.173
351.030	532.947
351.160	533.466
351.300	533.712
351.440	534.082
351.580	531.653
351.720	532.560
351.860	535.397
351.990	535.146
352.130	536.258
352.270	537.165
352.410	538.430
352.550	538.991
352.680	537.435
352.820	538.316
352.960	539.985
353.100	540.905
353.240	541.067
353.380	541.464
353.510	541.503
353.650	541.439
353.790	538.580
353.930	537.614
354.070	539.545
354.210	538.344
354.340	538.066
354.480	538.795
354.620	540.188
354.760	540.122
354.900	537.247
355.040	537.002
355.170	537.714
355.310	536.897
355.450	535.426
355.590	535.499
355.730	537.376
355.870	538.192
356.000	538.654
356.140	539.431
356.280	544.059
356.420	545.010
356.560	545.295
356.700	547.432
356.830	550.221
356.970	552.338
357.110	551.645
357.250	553.866
357.390	557.064
357.530	555.358
357.670	552.706
357.800	550.894
357.940	548.435
358.080	545.396
358.220	540.345
358.360	538.598
358.500	539.661
358.640	536.912
358.770	534.801
358.910	533.147
359.050	532.174
359.190	531.245
359.330	526.925
359.470	526.545
359.610	527.558
359.740	526.177
359.880	525.159
360.020	523.788
360.160	524.030
360.300	524.137
360.440	522.036
360.580	521.904
360.710	523.618
360.850	523.975
360.990	523.343
361.130	523.225
361.270	523.588
361.410	524.768
361.550	522.145
361.690	523.261
361.820	524.490
361.960	523.368
362.100	522.294
362.240	521.314
362.380	522.221
362.520	521.008
362.660	518.555
362.800	518.636
362.940	520.649
363.070	519.779
363.210	518.811
363.350	519.994
363.490	521.661
363.630	522.081
363.770	520.239
363.910	521.844
364.050	523.883
364.180	522.955
364.320	522.473
364.460	522.563
364.600	523.438
364.740	523.528
364.880	521.851
365.020	521.941
365.160	525.293
365.300	526.259
365.440	525.897
365.570	526.313
365.710	528.391
365.850	529.550
365.990	526.001
366.130	525.605
366.270	528.087
366.410	527.049
366.550	525.945
366.690	525.144
366.830	526.294
366.960	525.847
367.100	523.425
367.240	523.850
367.380	525.733
367.520	525.923
367.660	524.998
367.800	525.157
367.940	525.251
368.080	525.106
368.220	522.849
368.360	522.260
368.490	523.866
368.630	523.766
368.770	523.859
368.910	523.036
369.050	522.853
369.190	523.489
369.330	522.537
369.470	522.743
369.610	524.451
369.750	524.643
369.890	524.797
370.030	524.088
370.170	524.247
370.300	524.957
370.440	522.921
370.580	523.874
370.720	525.572
370.860	526.497
371.000	526.684
371.140	525.868
371.280	526.172
371.420	526.108
371.560	525.066
371.700	524.264
371.840	525.771
371.980	525.671
372.120	525.744
372.260	526.210
372.390	526.878
372.530	527.425
372.670	526.203
372.810	526.633
372.950	527.986
373.090	526.802
373.230	526.395
373.370	527.084
373.510	527.664
373.650	527.539
373.790	527.053
373.930	528.394
374.070	531.076
374.210	530.557
374.350	530.111
374.490	531.017
374.630	531.178
374.770	531.831
374.910	528.963
375.040	529.855
375.180	532.540
375.320	533.015
375.460	532.500
375.600	531.298
375.740	531.783
375.880	530.640
376.020	526.867
376.160	525.381
376.300	528.624
376.440	528.863
376.580	528.007
376.720	528.077
376.860	528.986
377.000	529.187
377.140	525.602
377.280	525.660
377.420	527.419
377.560	528.178
377.700	527.541
377.840	528.618
377.980	529.292
378.120	528.859
378.260	527.708
378.400	527.256
378.540	529.648
378.680	528.560
378.820	528.212
378.960	528.790
379.100	528.933
379.230	528.513
379.370	525.773
379.510	525.884
379.650	527.790
379.790	527.972
379.930	528.067
380.070	528.835
380.210	531.059
380.350	530.920
380.490	528.905
380.630	529.090
380.770	531.001
380.910	529.870
381.050	528.281
381.190	528.368
381.330	528.410
381.470	527.294
381.610	523.802
381.750	523.423
381.890	523.745
382.030	523.161
382.170	522.102
382.310	521.776
382.450	523.010
382.590	523.536
382.730	522.962
382.870	522.953
383.010	525.422
383.150	526.053
383.290	525.184
383.430	525.552
383.570	525.133
383.710	525.486
383.850	522.519
383.990	522.189
384.130	524.898
384.270	524.929
384.410	525.093
384.550	524.648
384.690	526.269
384.830	526.331
384.970	522.925
385.110	522.042
385.250	524.601
385.390	524.933
385.530	524.812
385.670	525.219
385.810	526.746
385.950	527.447
386.090	525.787
386.240	525.928
386.380	527.239
386.520	527.259
386.660	526.042
386.800	525.560
386.940	524.075
387.080	523.779
387.220	522.092
387.360	520.677
387.500	522.499
387.640	523.338
387.780	523.926
387.920	523.785
388.060	523.475
388.200	524.093
388.340	522.792
388.480	522.288
388.620	523.858
388.760	523.491
388.900	523.357
389.040	522.944
389.180	523.331
389.320	523.498
389.460	522.266
389.600	523.109
389.740	525.932
389.880	527.149
390.020	526.741
390.160	527.000
390.300	528.257
390.450	528.034
390.590	526.289
390.730	525.829
390.870	528.301
391.010	528.219
391.150	526.452
391.290	526.436
391.430	527.103
391.570	527.219
391.710	524.921
391.850	524.448
391.990	527.302
392.130	527.199
392.270	526.308
392.410	526.189
392.550	526.550
392.690	527.350
392.830	525.500
392.970	526.072
393.120	528.642
393.260	528.719
393.400	528.335
393.540	528.388
393.680	528.705
393.820	528.463
393.960	526.165
394.100	526.060
394.240	528.362
394.380	528.414
394.520	526.906
394.660	526.964
394.800	526.882
394.940	526.548
395.080	524.201
395.230	523.173
395.370	525.352
395.510	525.123
395.650	524.327
395.790	524.407
395.930	524.217
396.070	524.093
396.210	521.679
396.350	521.084
396.490	524.253
396.630	524.511
396.770	523.756
396.920	524.680
397.060	525.726
397.200	526.257
397.340	523.394
397.480	523.910
397.620	527.233
397.760	527.011
397.900	526.282
398.040	525.885
398.180	526.947
398.320	525.851
398.460	522.971
398.610	522.403
398.750	524.087
398.890	524.151
399.030	522.515
399.170	522.530
399.310	523.971
399.450	523.896
399.590	522.024
399.730	522.567
399.870	523.726
400.020	523.535
400.160	522.423
400.300	522.998
400.440	522.959
400.580	522.113
400.720	520.793
400.860	521.144
401.000	523.046
401.140	522.096
401.290	523.027
401.430	522.555
401.570	523.543
401.710	523.897
401.850	521.592
401.990	522.256
402.130	523.977
402.270	525.042
402.410	524.588
402.560	524.796
402.700	527.260
402.840	527.806
402.980	526.072
403.120	526.866
403.260	530.454
403.400	531.032
403.540	529.075
403.690	529.782
403.830	531.374
403.970	531.938
404.110	529.473
404.250	528.958
404.390	532.720
404.530	532.660
404.670	531.405
404.820	530.556
404.960	529.900
405.100	530.140
405.240	527.224
405.380	526.566
405.520	528.371
405.660	528.327
405.800	527.857
405.950	527.104
406.090	526.602
406.230	525.878
406.370	523.461
406.510	523.655
406.650	525.673
406.790	525.788
406.940	525.714
407.080	526.090
407.220	525.984
407.360	525.632
407.500	523.346
407.640	523.006
407.780	524.805
407.930	524.361
408.070	523.495
408.210	523.329
408.350	524.745
408.490	524.849
408.630	523.062
408.770	523.253
408.920	525.040
409.060	524.904
409.200	523.573
409.340	523.885
409.480	524.132
409.620	525.376
409.770	524.488
409.910	524.977
410.050	526.896
410.190	527.225
410.330	527.060
410.470	526.402
410.620	526.746
410.760	525.691
410.900	523.458
411.040	523.210
411.180	524.028
411.320	522.752
411.470	520.987
411.610	521.105
411.750	521.775
411.890	521.505
412.030	519.607
412.170	520.433
412.320	524.258
412.460	524.971
412.600	524.862
412.740	524.461
412.880	525.761
413.020	525.099
413.170	521.944
413.310	521.933
413.450	522.920
413.590	522.814
413.730	521.002
413.880	520.612
414.020	521.175
414.160	519.914
414.300	518.304
414.440	518.953
414.580	521.837
414.730	521.748
414.870	520.667
415.010	521.729
415.150	522.203
415.290	521.498
415.440	519.399
415.580	520.364
415.720	522.246
415.860	520.571
416.000	520.354
416.150	520.845
416.290	520.833
416.430	519.608
416.570	517.506
416.710	517.571
416.860	519.519
417.000	518.576
417.140	517.738
417.280	518.955
417.420	519.695
417.570	520.384
417.710	517.972
417.850	518.213
417.990	519.732
418.130	518.618
418.280	518.369
418.420	518.340
418.560	518.589
418.700	519.507
418.840	518.795
418.990	520.656
419.130	523.511
419.270	524.696
419.410	526.165
419.560	525.731
419.700	527.655
419.840	527.017
419.980	525.027
420.120	525.112
420.270	526.383
420.410	526.449
420.550	524.341
420.690	524.057
420.840	524.673
420.980	523.741
421.120	520.876
421.260	520.564
421.400	522.708
421.550	522.653
421.690	521.602
421.830	522.099
421.970	523.344
422.120	522.945
422.260	520.497
422.400	520.420
422.540	521.820
422.690	520.997
422.830	518.866
422.970	520.119
423.110	520.777
423.250	521.704
423.400	520.012
423.540	520.822
423.680	523.595
423.820	523.217
423.970	522.368
424.110	521.450
424.250	522.633
424.390	522.561
424.540	520.320
424.680	519.986
424.820	521.196
424.960	521.294
425.110	520.123
425.250	518.432
425.390	518.288
425.530	518.587
425.680	517.365
425.820	517.601
425.960	520.387
426.100	521.588
426.250	522.006
426.390	521.885
426.530	523.422
426.670	522.808
426.820	520.209
426.960	519.974
427.100	521.404
427.240	520.490
427.390	519.116
427.530	519.524
427.670	520.343
427.820	519.809
427.960	518.420
428.100	519.070
428.240	521.340
428.390	520.168
428.530	518.648
428.670	520.852
428.810	522.372
428.960	522.909
429.100	520.787
429.240	522.301
429.380	525.445
429.530	524.052
429.670	523.046
429.810	522.821
429.960	523.464
430.100	522.851
430.240	520.963
430.380	521.204
430.530	522.606
430.670	521.489
430.810	521.116
430.960	521.083
431.100	520.862
431.240	519.807
431.380	518.202
431.530	519.012
431.670	520.879
431.810	521.214
431.960	520.381
432.100	521.597
432.240	521.429
432.380	521.431
432.530	518.882
432.670	517.885
432.810	520.560
432.960	519.083
433.100	518.061
433.240	518.040
433.380	518.983
433.530	519.694
433.670	517.205
433.810	518.060
433.960	521.001
434.100	521.169
434.240	519.750
434.390	519.943
434.530	521.291
434.670	521.988
434.810	520.010
434.960	519.877
435.100	523.527
435.240	523.035
435.390	521.123
435.530	520.272
435.670	520.555
435.820	519.712
435.960	516.888
436.100	517.342
436.250	518.912
436.390	518.973
436.530	518.035
436.680	518.385
436.820	519.417
436.960	519.054
437.100	517.372
437.250	517.287
437.390	519.101
437.530	519.535
437.680	518.704
437.820	518.894
437.960	519.761
438.110	520.174
438.250	518.312
438.390	517.984
438.540	519.973
438.680	519.687
438.820	519.012
438.970	519.716
439.110	520.406
439.250	521.180
439.400	518.785
439.540	518.374
439.680	521.058
439.830	520.033
439.970	518.798
440.110	517.295
440.260	518.282
440.400	518.085
440.540	515.816
440.690	516.020
440.830	518.254
440.970	520.352
441.120	519.524
441.260	520.713
441.400	521.276
441.550	521.374
441.690	520.944
441.830	520.208
441.980	523.272
442.120	522.463
442.260	521.313
442.410	521.328
442.550	521.929
442.690	521.539
442.840	518.063
442.980	519.086
443.130	521.859
443.270	520.435
443.410	518.747
443.560	518.091
443.700	519.408
443.840	518.499
443.990	516.102
444.130	516.981
444.270	518.876
444.420	519.015
444.560	517.731
444.700	517.499
444.850	517.879
444.990	517.139
445.140	515.443
445.280	515.826
445.420	516.390
445.570	516.841
445.710	516.801
445.850	518.478
446.000	518.340
446.140	518.502
446.290	517.642
446.430	517.664
446.570	520.020
446.720	519.090
446.860	519.146
447.000	519.094
447.150	520.758
447.290	520.836
447.440	517.839
447.580	518.440
447.720	520.870
447.870	521.216
448.010	520.094
448.150	520.333
448.300	521.120
448.440	519.717
448.590	516.603
448.730	515.611
448.870	518.734
449.020	518.193
449.160	518.035
449.300	518.408
449.450	519.984
449.590	519.681
449.740	516.024
449.880	516.440
450.020	518.018
450.170	518.474
450.310	516.912
450.460	517.765
450.600	518.508
450.740	517.686
450.890	514.701
451.030	514.460
451.180	517.231
451.320	515.901
451.460	515.372
451.610	515.582
451.750	516.647
451.900	516.169
452.040	513.695
452.180	514.308
452.330	516.057
452.470	515.738
452.620	515.222
452.760	515.844
452.900	516.568
453.050	516.280
453.190	513.894
453.340	513.166
453.480	514.885
453.630	514.182
453.770	512.934
453.910	513.648
454.060	514.777
454.200	514.818
454.350	512.438
454.490	512.090
454.630	513.348
454.780	512.576
454.920	510.787
455.070	512.224
455.210	514.233
455.360	514.859
455.500	514.898
455.640	515.454
455.790	519.177
455.930	518.824
456.080	517.445
456.220	517.525
456.370	518.826
456.510	519.724
456.650	516.723
456.800	516.582
456.940	519.911
457.090	519.680
457.230	516.535
457.380	516.299
457.520	517.250
457.660	517.334
457.810	515.059
457.950	516.090
458.100	519.731
458.240	519.129
458.390	519.352
458.530	519.807
458.680	520.314
458.820	518.866
458.960	516.455
459.110	516.906
459.250	518.014
459.400	518.134
459.540	516.797
459.690	517.912
459.830	519.622
459.980	519.567
460.120	518.876
460.260	518.605
460.410	521.925
460.550	522.340
460.700	520.824
460.840	520.833
460.990	520.321
461.130	519.873
461.280	516.943
461.420	516.166
461.570	516.727
461.710	515.833
461.850	515.792
462.000	515.560
462.140	515.984
462.290	515.267
462.430	514.322
462.580	515.060
462.720	516.368
462.870	517.038
463.010	516.068
463.160	516.892
463.300	518.379
463.450	518.227
463.590	516.771
463.740	516.568
463.880	518.358
464.020	518.070
464.170	516.650
464.310	516.593
464.460	517.496
464.600	517.813
464.750	516.471
464.890	517.154
465.040	520.055
465.180	520.648
465.330	519.801
465.470	519.706
465.620	520.755
465.760	521.116
465.910	519.022
466.050	518.788
466.200	520.619
466.340	519.951
466.490	519.037
466.630	518.904
466.780	519.401
466.920	520.354
467.070	518.732
467.210	519.326
467.360	522.332
467.500	522.167
467.650	521.380
467.790	520.629
467.940	520.775
468.080	520.737
468.230	516.954
468.370	516.790
468.520	518.611
468.660	518.483
468.810	517.631
468.950	518.029
469.100	519.056
469.240	519.110
469.390	516.596
469.530	516.552
469.680	519.238
469.820	518.715
469.970	518.227
470.110	517.375
470.260	518.409
470.400	517.429
470.550	515.315
470.690	513.977
470.840	515.706
470.980	515.787
471.130	515.122
471.270	514.244
471.420	514.545
471.560	514.877
471.710	512.652
471.850	512.607
472.000	513.921
472.140	515.644
472.290	515.118
472.430	515.794
472.580	516.643
472.720	517.510
472.870	516.025
473.010	516.476
473.160	517.405
473.300	517.238
473.450	516.940
473.590	516.266
473.740	517.028
473.890	516.812
474.030	515.349
474.180	515.538
474.320	517.268
474.470	517.599
474.610	516.514
474.760	516.969
474.900	517.856
475.050	517.512
475.190	515.073
475.340	515.190
475.480	517.671
475.630	517.056
475.770	516.564
475.920	517.352
476.070	519.135
476.210	519.348
476.360	517.843
476.500	517.350
476.650	519.701
476.790	521.103
476.940	520.797
477.080	520.572
477.230	520.757
477.370	521.019
477.520	519.576
477.670	519.386
477.810	520.823
477.960	520.601
478.100	519.680
478.250	519.811
478.390	519.562
478.540	517.978
478.680	514.848
478.830	513.991
478.980	515.923
479.120	516.178
479.270	515.443
479.410	515.857
479.560	516.975
479.700	517.854
479.850	516.222
479.990	515.716
480.140	517.800
480.290	517.638
480.430	516.502
480.580	516.637
480.720	516.435
480.870	517.215
481.010	514.250
481.160	513.396
481.310	515.636
481.450	515.335
481.600	515.393
481.740	514.491
481.890	516.182
482.030	516.079
482.180	513.944
482.330	514.385
482.470	515.269
482.620	516.956
482.760	515.179
482.910	515.719
483.060	516.952
483.200	517.156
483.350	515.293
483.490	514.281
483.640	517.733
483.780	518.249
483.930	518.153
484.080	518.183
484.220	519.529
484.370	520.166
484.510	518.613
484.660	519.245
484.810	521.890
484.950	522.556
485.100	523.146
485.240	523.229
485.390	523.996
485.540	524.277
485.680	522.211
485.830	522.288
485.970	524.780
486.120	524.941
486.270	523.505
486.410	523.568
486.560	524.803
486.700	525.379
486.850	522.923
487.000	522.686
487.140	525.878
487.290	525.278
487.430	523.655
487.580	522.357
487.730	522.665
487.870	521.773
488.020	517.979
488.160	517.094
488.310	518.421
488.460	518.726
488.600	517.294
488.750	517.182
488.890	517.712
489.040	518.239
489.190	516.094
489.330	515.410
489.480	517.400
489.630	516.951
489.770	516.330
489.920	516.654
490.060	517.663
490.210	517.940
490.360	516.436
490.500	517.013
490.650	520.376
490.790	519.989
490.940	519.866
491.090	519.723
491.230	520.651
491.380	520.985
491.530	518.096
491.670	518.314
491.820	519.015
491.970	519.167
492.110	517.832
492.260	517.508
492.400	518.701
492.550	519.038
492.700	517.426
492.840	517.092
492.990	519.242
493.140	519.426
493.280	518.208
493.430	518.031
493.580	519.018
493.720	519.120
493.870	517.429
494.010	517.196
494.160	521.160
494.310	520.644
494.450	519.577
494.600	519.073
494.750	518.804
494.890	518.462
495.040	515.013
495.190	515.325
495.330	519.547
495.480	520.440
495.630	520.488
495.770	521.163
495.920	522.038
496.070	522.392
496.210	517.620
496.360	517.332
496.510	517.145
496.650	515.795
496.800	513.403
496.940	511.385
497.090	512.270
497.240	512.173
497.380	511.225
497.530	512.343
497.680	515.389
497.820	516.615
497.970	516.214
498.120	516.060
498.260	517.486
498.410	517.345
498.560	515.202
498.700	514.838
498.850	516.492
499.000	516.563
499.140	515.591
499.290	515.637
499.440	516.111
499.590	516.476
499.730	514.394
499.880	514.591
500.030	517.160
500.170	516.609
500.320	516.721
500.470	517.199
500.610	518.593
500.760	518.652
500.910	516.445
501.050	516.809
501.200	517.459
501.350	516.817
501.490	515.817
501.640	515.058
501.790	515.351
501.930	514.698
502.080	512.913
502.230	513.337
502.370	516.124
502.520	516.567
502.670	516.660
502.820	517.818
502.960	519.707
503.110	519.451
503.260	517.115
503.400	517.298
503.550	518.965
503.700	518.427
503.840	516.913
503.990	517.504
504.140	518.630
504.290	519.180
504.430	517.172
504.580	517.558
504.730	520.321
504.870	519.917
505.020	518.850
505.170	518.059
505.310	518.461
505.460	518.545
505.610	515.419
505.760	515.783
505.900	516.455
506.050	515.630
506.200	515.227
506.340	514.894
506.490	515.902
506.640	515.726
506.790	514.098
506.930	514.640
507.080	517.065
507.230	516.829
507.370	516.599
507.520	516.649
507.670	518.382
507.820	519.286
507.960	516.439
508.110	516.494
508.260	518.570
508.400	518.739
508.550	517.188
508.700	515.577
508.850	516.400
508.990	516.879
509.140	513.701
509.290	513.247
509.440	516.552
509.580	517.242
509.730	516.739
509.880	516.936
510.030	518.700
510.170	519.329
510.320	516.482
510.470	516.953
510.610	517.781
510.760	516.864
510.910	515.306
511.060	514.877
511.200	515.560
511.350	514.539
511.500	512.894
511.650	513.045
511.790	515.306
511.940	514.424
512.090	513.920
512.240	513.548
512.380	515.050
512.530	515.192
512.680	512.606
512.830	512.756
512.970	514.639
513.120	515.907
513.270	514.675
513.420	514.460
513.560	516.496
513.710	517.469
513.860	515.665
514.010	515.209
514.150	518.203
514.300	518.879
514.450	517.468
514.600	516.999
514.740	518.054
514.890	518.167
515.040	515.305
515.190	514.863
515.330	517.449
515.480	516.515
515.630	515.909
515.780	516.291
515.930	517.878
516.070	518.003
516.220	515.981
516.370	516.602
516.520	518.420
516.660	517.960
516.810	516.708
516.960	516.153
517.110	516.454
517.250	516.341
517.400	513.340
517.550	513.169
517.700	516.020
517.850	515.803
517.990	515.165
518.140	515.935
518.290	515.986
518.440	515.993
518.580	513.694
518.730	514.295
518.880	516.726
519.030	516.103
519.180	516.495
519.320	516.845
519.470	516.711
519.620	516.424
519.770	513.544
519.920	513.763
520.060	513.860
520.210	513.416
520.360	511.906
520.510	512.750
520.650	514.620
520.800	514.062
520.950	514.726
521.100	515.370
521.250	518.954
521.390	518.802
521.540	516.627
521.690	516.818
521.840	516.754
521.990	516.375
522.130	513.913
522.280	513.734
522.430	517.524
522.580	517.755
522.730	516.875
522.870	516.826
523.020	517.288
523.170	515.506
523.320	512.705
523.470	512.533
523.620	515.252
523.760	515.308
523.910	513.916
524.060	515.251
524.210	515.780
524.360	516.103
524.500	513.637
524.650	513.564
524.800	516.771
524.950	516.472
525.100	515.784
525.240	515.759
525.390	515.918
525.540	515.776
525.690	512.825
525.840	512.903
525.990	514.709
526.130	514.901
526.280	513.980
526.430	513.668
526.580	515.040
526.730	515.578
526.880	513.687
527.020	513.634
527.170	515.726
527.320	516.366
527.470	515.835
527.620	515.608
527.770	516.944
527.910	515.729
528.060	514.707
528.210	515.705
528.360	517.308
528.510	518.865
528.660	517.628
528.800	518.701
528.950	519.279
529.100	518.110
529.250	515.966
529.400	514.655
529.550	515.237
529.690	514.536
529.840	512.122
529.990	511.565
530.140	513.130
530.290	512.036
530.440	511.582
530.580	511.590
530.730	514.878
530.880	515.637
531.030	513.931
531.180	514.443
531.330	515.494
531.480	516.121
531.620	513.976
531.770	513.915
531.920	516.171
532.070	516.391
532.220	515.329
532.370	515.149
532.520	515.915
532.660	515.811
532.810	514.295
532.960	513.578
533.110	514.966
533.260	515.501
533.410	514.542
533.560	514.340
533.710	514.569
533.850	514.946
534.000	514.379
534.150	513.964
534.300	516.728
534.450	516.122
534.600	515.114
534.750	515.731
534.890	515.183
535.040	514.774
535.190	511.654
535.340	512.718
535.490	515.303
535.640	514.948
535.790	514.118
535.940	514.239
536.080	515.422
536.230	514.346
536.380	511.496
536.530	510.793
536.680	512.295
536.830	511.592
536.980	511.119
537.130	511.077
537.280	511.865
537.420	511.992
537.570	510.205
537.720	511.288
537.870	513.233
538.020	513.661
538.170	513.046
538.320	513.209
538.470	514.096
538.620	513.761
538.760	512.409
538.910	512.957
539.060	513.918
539.210	514.234
539.360	513.327
539.510	514.226
539.660	514.540
539.810	514.087
539.960	514.208
540.110	514.584
540.250	517.722
540.400	516.940
540.550	516.522
540.700	517.106
540.850	517.378
541.000	516.867
541.150	514.232
541.300	513.379
541.450	514.581
541.600	514.917
541.740	513.861
541.890	514.805
542.040	515.182
542.190	515.408
542.340	513.496
542.490	511.981
542.640	515.108
542.790	514.555
542.940	514.330
543.090	515.170
543.240	516.560
543.390	517.820
543.530	514.522
543.680	514.873
543.830	517.505
543.980	516.214
544.130	514.425
544.280	513.897
544.430	514.137
544.580	513.130
544.730	510.291
544.880	510.090
545.030	513.023
545.180	513.055
545.330	513.227
545.480	514.102
545.620	514.050
545.770	515.696
545.920	513.091
546.070	513.260
546.220	514.792
546.370	513.836
546.520	513.207
546.670	512.640
546.820	512.483
546.970	512.354
547.120	510.940
547.270	510.468
547.420	513.587
547.570	513.030
547.720	512.630
547.870	512.140
548.010	512.164
548.160	513.172
548.310	510.090
548.460	510.371
548.610	512.577
548.760	513.431
548.910	513.503
549.060	513.393
549.210	515.238
549.360	515.098
549.510	513.739
549.660	514.600
549.810	516.921
549.960	516.782
550.110	515.381
550.260	516.771
550.410	517.863
550.560	517.077
550.710	514.150
550.860	514.295
551.010	517.090
551.160	515.876
551.300	515.251
551.450	515.441
551.600	516.580
551.750	517.207
551.900	515.085
552.050	516.461
552.200	519.085
552.350	519.399
552.500	518.149
552.650	517.792
552.800	518.477
552.950	517.307
553.100	513.698
553.250	512.262
553.400	514.418
553.550	513.822
553.700	512.428
553.850	512.897
554.000	513.347
554.150	513.624
554.300	511.792
554.450	511.190
554.600	513.269
554.750	512.838
554.900	513.121
555.050	513.061
555.200	513.674
555.350	514.542
555.500	512.126
555.650	512.146
555.800	514.010
555.950	514.120
556.100	513.546
556.250	513.158
556.400	514.656
556.550	514.593
556.700	512.953
556.850	513.773
557.000	516.174
557.150	516.575
557.300	515.778
557.450	515.185
557.600	515.403
557.750	514.684
557.900	512.277
558.050	512.682
558.200	513.196
558.350	513.400
558.500	513.022
558.650	513.709
558.800	514.111
558.950	513.660
559.100	513.530
559.250	514.358
559.400	516.206
559.550	515.340
559.700	514.897
559.850	515.117
560.000	516.080
560.150	514.833
560.300	513.112
560.450	513.105
560.600	514.830
560.750	515.085
560.900	514.415
561.050	515.156
561.200	515.387
561.350	516.501
561.500	515.554
561.650	515.202
561.800	516.864
561.950	515.986
562.100	515.969
562.250	515.356
562.400	515.425
562.550	516.110
562.700	513.494
562.850	514.570
563.000	515.721
563.150	515.644
563.300	515.459
563.450	515.029
563.600	514.553
563.750	514.747
563.900	513.132
564.050	513.623
564.200	514.765
564.350	513.498
564.500	513.404
564.660	514.010
564.810	515.267
564.960	514.435
565.110	512.530
565.260	514.163
565.410	517.085
565.560	516.403
565.710	514.895
565.860	515.097
566.010	516.963
566.160	516.614
566.310	514.737
566.460	514.271
566.610	517.517
566.760	517.570
566.910	516.359
567.060	515.929
567.210	516.780
567.360	517.374
567.510	514.644
567.660	514.889
567.810	515.493
567.970	516.182
568.120	515.156
568.270	514.482
568.420	514.324
568.570	513.891
568.720	513.117
568.870	512.064
569.020	514.462
569.170	515.431
569.320	514.831
569.470	515.214
569.620	515.884
569.770	516.839
569.920	514.145
570.070	513.615
570.220	516.163
570.380	515.933
570.530	515.231
570.680	514.999
570.830	516.552
570.980	516.479
571.130	514.494
571.280	513.916
571.430	516.435
571.580	516.641
571.730	515.371
571.880	515.038
572.030	516.144
572.180	516.430
572.340	512.824
572.490	512.420
572.640	514.287
572.790	514.594
572.940	512.607
573.090	512.419
573.240	513.810
573.390	513.764
573.540	511.686
573.690	510.797
573.840	512.672
573.990	512.818
574.150	511.946
574.300	511.595
574.450	511.920
574.600	511.965
574.750	510.231
574.900	509.256
575.050	510.347
575.200	510.113
575.350	510.278
575.500	511.357
575.650	512.018
575.810	513.821
575.960	511.903
576.110	511.934
576.260	513.817
576.410	513.726
576.560	513.113
576.710	512.438
576.860	513.747
577.010	514.754
577.160	512.484
577.320	512.349
577.470	514.744
577.620	514.723
577.770	514.156
577.920	514.297
578.070	515.454
578.220	515.152
578.370	513.128
578.520	514.160
578.680	517.641
578.830	517.474
578.980	516.280
579.130	516.679
579.280	517.871
579.430	518.223
579.580	515.479
579.730	516.656
579.890	519.533
580.040	519.659
580.190	518.829
580.340	517.975
580.490	518.442
580.640	517.725
580.790	514.531
580.940	514.548
581.100	517.951
581.250	517.969
581.400	516.671
581.550	514.988
581.700	516.866
581.850	516.680
582.000	512.563
582.150	513.258
582.310	516.172
582.460	517.596
582.610	515.844
582.760	515.722
582.910	516.717
583.060	515.341
583.210	512.487
583.370	510.819
583.520	513.213
583.670	512.719
583.820	511.742
583.970	511.987
584.120	512.782
584.270	513.232
584.430	510.651
584.580	510.819
584.730	513.241
584.880	512.274
585.030	511.383
585.180	511.429
585.330	512.474
585.490	512.467
585.640	510.047
585.790	510.788
585.940	514.313
586.090	514.417
586.240	513.997
586.390	515.095
586.550	516.693
586.700	517.057
586.850	514.555
587.000	516.698
587.150	520.069
587.300	531.995
587.460	558.342
587.610	589.560
587.760	621.265
587.910	654.222
588.060	690.317
588.210	717.763
588.370	730.744
588.520	734.505
588.670	735.523
588.820	733.035
588.970	723.035
589.120	710.544
589.280	694.663
589.430	683.554
589.580	673.704
589.730	660.771
589.880	649.137
590.030	638.720
590.190	629.696
590.340	621.518
590.490	610.328
590.640	603.925
590.790	600.475
590.950	594.460
591.100	587.896
591.250	581.962
591.400	580.652
591.550	577.568
591.700	571.732
591.860	567.216
592.010	566.976
592.160	563.924
592.310	557.547
592.460	551.427
592.620	546.863
592.770	542.679
592.920	535.880
593.070	530.054
593.220	528.637
593.380	525.133
593.530	521.170
593.680	519.424
593.830	518.805
593.980	518.795
594.140	514.959
594.290	514.692
594.440	516.536
594.590	515.828
594.740	513.882
594.900	512.545
595.050	513.086
595.200	513.144
595.350	511.122
595.500	510.793
595.660	513.025
595.810	512.672
595.960	512.586
596.110	511.829
596.260	512.152
596.420	511.595
596.570	508.965
596.720	508.916
596.870	509.537
597.020	509.528
597.180	509.191
597.330	509.084
597.480	509.277
597.630	509.365
597.790	508.730
597.940	509.225
598.090	511.208
598.240	512.170
598.390	512.824
598.550	513.720
598.700	513.597
598.850	514.378
599.000	511.593
599.160	511.042
599.310	512.737
599.460	512.110
599.610	511.332
599.760	509.998
599.920	511.406
600.070	511.366
600.220	509.168
600.370	509.097
600.530	513.882
600.680	513.948
600.830	513.265
600.980	513.941
601.140	514.660
601.290	514.403
601.440	509.723
601.590	510.558
601.750	511.635
601.900	510.490
602.050	509.085
602.200	509.809
602.360	511.038
602.510	510.439
602.660	508.786
602.810	509.791
602.960	511.519
603.120	511.152
603.270	509.482
603.420	509.978
603.570	510.405
603.730	509.383
603.880	508.740
604.030	509.317
604.180	512.272
604.340	511.074
604.490	511.360
604.640	512.075
604.800	512.397
604.950	511.240
605.100	509.849
605.250	510.134
605.410	511.242
605.560	511.514
605.710	510.825
605.860	511.491
606.020	511.285
606.170	511.760
606.320	509.569
606.470	509.715
606.630	511.854
606.780	511.715
606.930	510.297
607.080	510.258
607.240	510.214
607.390	509.610
607.540	506.650
607.700	506.610
607.850	510.940
608.000	511.548
608.150	511.472
608.310	511.053
608.460	512.179
608.610	512.512
608.760	509.446
608.920	508.373
609.070	511.628
609.220	511.903
609.380	511.740
609.530	510.999
609.680	511.686
609.830	512.560
609.990	509.463
610.140	511.212
610.290	514.098
610.450	515.181
610.600	514.734
610.750	515.779
610.900	518.477
611.060	518.763
611.210	516.580
611.360	517.271
611.520	520.440
611.670	521.029
611.820	519.002
611.970	518.692
612.130	519.277
612.280	519.881
612.430	518.092
612.590	518.201
612.740	522.056
612.890	522.785
613.050	522.414
613.200	522.428
613.350	522.392
613.500	522.879
613.660	520.153
613.810	519.625
613.960	522.237
614.120	521.897
614.270	521.240
614.420	520.550
614.580	520.685
614.730	520.819
614.880	517.895
615.040	518.044
615.190	521.305
615.340	521.408
615.500	521.213
615.650	521.140
615.800	522.268
615.950	522.662
616.110	519.080
616.260	519.111
616.410	521.474
616.570	520.975
616.720	520.620
616.870	520.888
617.030	523.870
617.180	523.426
617.330	522.261
617.490	523.276
617.640	525.634
617.790	525.123
617.950	524.344
618.100	524.911
618.250	524.879
618.410	525.227
618.560	523.135
618.710	523.497
618.870	524.799
619.020	524.662
619.170	524.308
619.330	523.889
619.480	525.562
619.630	526.656
619.790	524.239
619.940	525.490
620.090	528.508
620.250	528.980
620.400	527.814
620.550	526.796
620.710	527.464
620.860	526.223
621.010	523.619
621.170	522.638
621.320	524.012
621.470	523.686
621.630	522.892
621.780	521.762
621.930	522.034
622.090	522.248
622.240	519.547
622.400	518.001
622.550	519.727
622.700	520.710
622.860	519.316
623.010	519.078
623.160	520.423
623.320	521.248
623.470	519.333
623.620	518.537
623.780	519.948
623.930	519.368
624.080	518.594
624.240	518.455
624.390	519.058
624.550	519.424
624.700	518.564
624.850	518.515
625.010	520.872
625.160	521.368
625.310	520.271
625.470	520.901
625.620	520.994
625.770	521.359
625.930	518.488
626.080	517.409
626.240	518.233
626.390	517.141
626.540	515.945
626.700	514.966
626.850	515.895
627.000	516.067
627.160	514.805
627.310	513.706
627.470	515.079
627.620	514.730
627.770	513.574
627.930	513.888
628.080	513.957
628.230	514.894
628.390	513.088
628.540	513.882
628.700	516.758
628.850	515.906
629.000	515.308
629.160	515.364
629.310	516.645
629.470	516.786
629.620	514.488
629.770	514.816
629.930	517.438
630.080	515.881
630.240	515.048
630.390	515.050
630.540	515.645
630.700	515.459
630.850	513.704
631.010	514.999
631.160	517.612
631.310	517.415
631.470	516.934
631.620	517.501
631.780	518.111
631.930	517.966
632.080	515.141
632.240	514.373
632.390	516.100
632.550	515.865
632.700	514.747
632.850	515.217
633.010	516.656
633.160	517.912
633.320	514.362
633.470	513.934
633.620	516.706
633.780	515.341
633.930	513.705
634.090	513.219
634.240	514.587
634.390	514.955
634.550	512.319
634.700	512.623
634.860	514.840
635.010	513.871
635.170	514.137
635.320	514.053
635.470	514.263
635.630	514.938
635.780	512.020
635.940	512.593
636.090	512.597
636.250	512.134
636.400	511.900
636.550	512.390
636.710	513.804
636.860	513.393
637.020	512.734
637.170	513.114
637.330	515.869
637.480	515.500
637.630	515.087
637.790	515.377
637.940	517.153
638.100	516.680
638.250	513.561
638.410	512.969
638.560	514.728
638.710	514.796
638.870	513.156
639.020	514.008
639.180	515.027
639.330	516.156
639.490	513.321
639.640	513.727
639.800	516.334
639.950	516.375
640.100	515.243
640.260	514.866
640.410	517.124
640.570	516.777
640.720	514.225
640.880	514.284
641.030	516.292
641.190	515.662
641.340	514.738
641.500	514.687
641.650	514.648
641.800	513.967
641.960	511.738
642.110	511.846
642.270	512.982
642.420	512.495
642.580	512.744
642.730	513.238
642.890	513.816
643.040	513.375
643.200	510.910
643.350	510.944
643.500	511.874
643.660	512.080
643.810	511.863
643.970	512.507
644.120	514.205
644.280	514.211
644.430	512.891
644.590	512.074
644.740	514.013
644.900	513.984
645.050	512.637
645.210	513.340
645.360	513.286
645.520	512.931
645.670	510.988
645.830	510.845
645.980	512.752
646.140	511.817
646.290	511.152
646.440	511.590
646.600	511.589
646.750	511.549
646.910	509.692
647.060	509.384
647.220	512.301
647.370	513.271
647.530	512.976
647.680	513.837
647.840	514.965
647.990	516.399
648.150	513.749
648.300	513.010
648.460	515.772
648.610	514.819
648.770	514.390
648.920	514.456
649.080	514.558
649.230	513.898
649.390	510.890
649.540	510.432
649.700	512.240
649.850	510.786
650.010	511.394
650.160	511.610
650.320	512.527
650.470	512.671
650.630	510.390
650.780	510.721
650.940	511.720
651.090	511.669
651.250	511.329
651.400	512.008
651.560	512.416
651.710	512.583
651.870	511.584
652.020	512.432
652.180	514.468
652.330	513.547
652.490	513.671
652.640	514.338
652.800	514.928
652.950	514.043
653.110	511.211
653.260	511.846
653.420	513.608
653.570	512.729
653.730	511.629
653.890	512.843
654.040	514.691
654.200	515.782
654.350	513.408
654.510	514.868
654.660	517.824
654.820	519.292
654.970	520.365
655.130	522.120
655.280	525.419
655.440	527.208
655.590	526.848
655.750	527.545
655.900	529.202
656.060	528.351
656.210	526.945
656.370	525.711
656.520	525.370
656.680	523.947
656.840	521.896
656.990	521.084
657.150	523.873
657.300	523.473
657.460	522.448
657.610	522.682
657.770	523.075
657.920	524.026
658.080	520.762
658.230	521.087
658.390	523.137
658.550	523.705
658.700	522.217
658.860	521.569
659.010	522.238
659.170	521.570
659.320	519.075
659.480	517.844
659.630	520.231
659.790	518.978
659.940	519.305
660.100	521.214
660.260	521.158
660.410	520.880
660.570	518.496
660.720	519.150
660.880	519.492
661.030	517.289
661.190	516.310
661.340	516.009
661.500	517.059
661.660	516.681
661.810	514.389
661.970	514.205
662.120	516.119
662.280	516.121
662.430	513.817
662.590	514.394
662.750	514.933
662.900	513.299
663.060	511.339
663.210	510.366
663.370	513.849
663.520	511.938
663.680	510.906
663.840	511.910
663.990	512.250
664.150	512.432
664.300	509.775
664.460	510.483
664.610	513.219
664.770	512.992
664.930	512.719
665.080	512.521
665.240	512.600
665.390	512.445
665.550	509.639
665.700	510.067
665.860	511.981
666.020	511.667
666.170	511.563
666.330	511.593
666.480	512.706
666.640	512.273
666.800	510.769
666.950	510.697
667.110	513.191
667.260	512.201
667.420	510.923
667.580	510.957
667.730	512.012
667.890	512.313
668.040	509.338
668.200	510.134
668.360	513.047
668.510	513.541
668.670	512.306
668.820	512.490
668.980	513.714
669.140	514.505
669.290	511.933
669.450	512.396
669.600	515.145
669.760	516.354
669.920	515.061
670.070	515.055
670.230	515.812
670.380	515.632
670.540	513.614
670.700	512.371
670.850	515.583
671.010	514.947
671.160	512.861
671.320	512.454
671.480	511.587
671.630	511.687
671.790	509.123
671.940	510.065
672.100	514.096
672.260	514.604
672.410	514.639
672.570	515.556
672.730	516.063
672.880	516.608
673.040	514.197
673.190	513.748
673.350	515.958
673.510	515.762
673.660	514.933
673.820	514.205
673.980	514.279
674.130	514.415
674.290	512.574
674.440	512.538
674.600	515.081
674.760	515.196
674.910	515.302
675.070	516.793
675.230	516.688
675.380	517.370
675.540	514.459
675.700	514.014
675.850	514.329
676.010	513.619
676.160	513.777
676.320	512.791
676.480	513.318
676.630	512.887
676.790	512.527
676.950	512.595
677.100	514.606
677.260	514.913
677.420	514.916
677.570	514.974
677.730	515.903
677.890	515.391
678.040	513.588
678.200	513.958
678.350	517.092
678.510	518.132
678.670	517.436
678.820	518.197
678.980	519.626
679.140	519.706
679.290	517.953
679.450	517.603
679.610	520.924
679.760	520.645
679.920	518.864
680.080	518.622
680.230	518.436
680.390	518.185
680.550	515.009
680.700	514.945
680.860	517.912
681.020	517.935
681.170	517.210
681.330	517.975
681.490	517.703
681.640	516.393
681.800	513.286
681.960	513.201
682.110	515.249
682.270	515.248
682.430	514.536
682.580	515.455
682.740	515.619
682.900	516.229
683.050	513.776
683.210	513.253
683.370	515.376
683.520	515.570
683.680	515.413
683.840	514.796
683.990	515.079
684.150	515.024
684.310	512.992
684.460	512.290
684.620	514.689
684.780	514.128
684.940	513.428
685.090	513.187
685.250	513.537
685.410	514.729
685.560	511.838
685.720	511.767
685.880	513.508
686.030	512.955
686.190	512.462
686.350	511.185
686.500	512.246
686.660	512.599
686.820	510.886
686.980	510.920
687.130	513.962
687.290	514.710
687.450	514.834
687.600	514.491
687.760	515.332
687.920	516.705
688.070	513.338
688.230	512.927
688.390	514.986
688.550	515.841
688.700	515.027
688.860	514.716
689.020	516.512
689.170	517.442
689.330	514.840
689.490	514.833
689.640	517.699
689.800	518.095
689.960	517.290
690.120	517.555
690.270	518.369
690.430	518.811
690.590	517.568
690.740	517.543
690.900	519.582
691.060	519.347
691.220	518.937
691.370	518.732
691.530	518.746
691.690	519.302
691.840	517.048
692.000	516.801
692.160	519.133
692.320	519.142
692.470	517.610
692.630	516.170
692.790	516.773
692.950	516.648
693.100	515.028
693.260	514.610
693.420	516.600
693.570	516.953
693.730	516.557
693.890	516.124
694.050	516.146
694.200	515.722
694.360	514.481
694.520	514.717
694.680	516.820
694.830	517.705
694.990	516.077
695.150	516.769
695.310	517.073
695.460	517.807
695.620	515.502
695.780	515.149
695.940	516.530
696.090	516.273
696.250	515.351
696.410	514.152
696.570	514.920
696.720	514.145
696.880	512.496
697.040	512.046
697.200	514.847
697.350	514.669
697.510	513.243
697.670	513.515
697.830	515.267
697.980	515.293
698.140	513.547
698.300	514.140
698.460	517.366
698.610	518.458
698.770	519.078
698.930	520.433
699.090	520.720
699.240	521.343
699.400	518.998
699.560	519.665
699.720	522.451
699.870	521.848
700.030	520.911
700.190	520.722
700.350	521.902
700.500	520.623
700.660	517.435
700.820	517.781
700.980	520.429
701.140	519.827
701.290	518.652
701.450	519.550
701.610	518.900
701.770	518.917
701.920	515.820
702.080	515.537
702.240	517.619
702.400	517.073
702.550	516.643
702.710	516.045
702.870	517.350
703.030	518.148
703.190	515.205
703.340	514.674
703.500	516.909
703.660	516.243
703.820	514.984
703.980	514.235
704.130	516.258
704.290	516.691
704.450	514.322
704.610	515.662
704.760	518.101
704.920	518.416
705.080	517.133
705.240	516.978
705.400	518.482
705.550	517.527
705.710	515.640
705.870	515.444
706.030	516.395
706.190	516.416
706.340	514.675
706.500	514.293
706.660	514.153
706.820	514.417
706.980	513.005
707.130	512.762
707.290	515.737
707.450	516.178
707.610	516.407
707.770	516.727
707.920	517.617
708.080	517.918
708.240	515.017
708.400	515.313
708.560	517.863
708.710	517.425
708.870	517.511
709.030	517.766
709.190	518.926
709.350	519.434
709.510	516.245
709.660	515.784
709.820	518.487
709.980	518.137
710.140	517.954
710.300	517.787
710.450	520.082
710.610	520.545
710.770	518.119
710.930	518.143
711.090	520.806
711.250	520.535
711.400	518.485
711.560	519.658
711.720	520.750
711.880	521.302
712.040	518.528
712.190	519.869
712.350	522.967
712.510	522.393
712.670	521.348
712.830	521.164
712.990	521.413
713.140	520.312
713.300	517.453
713.460	516.924
713.620	518.197
713.780	518.286
713.940	517.167
714.090	516.698
714.250	517.504
714.410	518.122
714.570	516.917
714.730	517.130
714.890	521.106
715.050	521.260
715.200	521.628
715.360	522.171
715.520	522.969
715.680	522.738
715.840	520.830
716.000	520.934
716.150	521.823
716.310	521.266
716.470	519.926
716.630	519.920
716.790	518.854
716.950	518.711
717.110	516.907
717.260	516.673
717.420	519.282
717.580	518.899
717.740	518.080
717.900	519.187
718.060	520.713
718.220	520.957
718.370	518.388
718.530	519.381
718.690	522.859
718.850	522.455
719.010	520.734
719.170	521.367
719.330	523.300
719.480	522.520
719.640	518.952
719.800	518.352
719.960	520.872
720.120	519.872
720.280	518.270
720.440	519.183
720.600	520.495
720.750	520.372
720.910	518.299
721.070	519.620
721.230	521.325
721.390	521.565
721.550	520.371
721.710	521.135
721.870	521.992
722.020	521.208
722.180	519.715
722.340	518.229
722.500	520.225
722.660	519.615
722.820	518.799
722.980	518.653
723.140	519.666
723.300	519.933
723.450	519.724
723.610	520.289
723.770	521.751
723.930	521.869
724.090	519.670
724.250	519.655
724.410	518.067
724.570	517.265
724.730	515.393
724.880	514.995
725.040	517.698
725.200	516.838
725.360	518.354
725.520	517.716
725.680	518.946
725.840	518.486
726.000	516.595
726.160	517.100
726.320	517.040
726.470	517.942
726.630	517.297
726.790	517.652
726.950	518.076
727.110	518.482
727.270	517.504
727.430	517.919
727.590	521.167
727.750	521.586
727.910	521.124
728.060	520.864
728.220	522.287
728.380	522.657
728.540	519.356
728.700	519.835
728.860	522.209
729.020	522.659
729.180	521.574
729.340	522.239
729.500	521.801
729.660	520.553
729.820	517.648
729.970	516.256
730.130	518.445
730.290	517.028
730.450	516.230
730.610	516.946
730.770	519.255
730.930	520.519
731.090	517.771
731.250	517.729
731.410	520.756
731.570	520.985
731.730	518.678
731.890	518.238
732.050	519.799
732.200	519.860
732.360	517.251
732.520	516.830
732.680	520.025
732.840	520.933
733.000	519.618
733.160	520.914
733.320	522.375
733.480	522.951
733.640	520.390
733.800	520.123
733.960	523.223
734.120	522.206
734.280	521.390
734.440	521.012
734.600	521.614
734.750	521.831
734.910	518.278
735.070	518.002
735.230	520.058
735.390	519.517
735.550	518.635
735.710	517.854
735.870	518.479
736.030	518.204
736.190	515.563
736.350	516.067
736.510	517.151
736.670	516.824
736.830	515.219
736.990	515.686
737.150	515.688
737.310	515.633
737.470	513.585
737.630	514.106
