209.920	522.100
210.050	524.543
210.180	525.905
210.310	526.483
210.430	525.553
210.560	529.231
210.690	528.792
210.820	528.106
210.950	527.097
211.080	527.262
211.210	528.344
211.340	525.146
211.470	525.359
211.600	527.755
211.730	528.679
211.860	527.453
211.990	526.754
212.120	527.000
212.250	526.558
212.380	523.759
212.510	523.693
212.640	526.533
212.770	527.713
212.890	527.514
213.020	527.983
213.150	529.503
213.280	530.231
213.410	527.004
213.540	526.685
213.670	528.192
213.800	528.729
213.930	527.604
214.060	528.119
214.190	528.884
214.320	528.839
214.450	527.989
214.580	526.994
214.710	529.857
214.840	528.942
214.970	528.411
215.100	527.936
215.230	527.840
215.360	527.599
215.490	524.212
215.620	523.727
215.750	525.774
215.880	525.732
216.010	524.849
216.140	525.199
216.270	526.144
216.400	525.909
216.530	523.685
216.660	523.690
216.790	526.093
216.920	524.966
217.050	524.549
217.180	524.653
217.310	525.568
217.440	525.184
217.570	522.720
217.700	522.498
217.820	522.684
217.950	521.850
218.080	521.476
218.210	521.193
218.340	521.864
218.470	522.470
218.600	521.650
218.730	521.596
218.860	522.743
218.990	523.002
219.120	521.896
219.250	522.381
219.380	522.483
219.510	523.237
219.640	521.709
219.770	521.828
219.900	524.576
220.030	523.921
220.160	524.834
220.290	524.861
220.420	525.347
220.550	525.004
220.680	523.024
220.810	523.688
220.940	525.629
221.070	525.345
221.200	524.681
221.340	525.561
221.470	525.428
221.600	525.058
221.730	522.098
221.860	522.693
221.990	524.076
222.120	522.659
222.250	521.999
222.380	521.902
222.510	522.239
222.640	522.107
222.770	520.155
222.900	521.882
223.030	524.590
223.160	525.607
223.290	525.667
223.420	525.418
223.550	526.815
223.680	525.600
223.810	523.310
223.940	522.246
224.070	523.372
224.200	523.049
224.330	521.689
224.460	521.315
224.590	520.670
224.720	520.881
224.850	519.173
224.980	519.666
225.110	522.901
225.240	524.272
225.370	525.018
225.500	525.448
225.630	525.628
225.760	524.688
225.890	521.278
226.020	519.678
226.150	519.911
226.290	519.507
226.420	519.178
226.550	519.868
226.680	521.440
226.810	522.046
226.940	521.040
227.070	521.188
227.200	523.917
227.330	523.957
227.460	522.523
227.590	522.648
227.720	523.921
227.850	523.815
227.980	521.324
228.110	521.694
228.240	523.382
228.370	523.594
228.500	522.801
228.630	522.900
228.770	523.852
228.900	523.575
229.030	523.057
229.160	523.008
229.290	525.799
229.420	526.108
229.550	525.904
229.680	525.816
229.810	526.603
229.940	526.612
230.070	524.404
230.200	524.022
230.330	525.451
230.460	525.817
230.590	524.110
230.720	525.082
230.860	524.598
230.990	524.323
231.120	523.221
231.250	522.876
231.380	525.046
231.510	523.651
231.640	523.265
231.770	522.769
231.900	522.455
232.030	522.790
232.160	521.621
232.290	521.673
232.420	523.628
232.560	524.333
232.690	524.104
232.820	523.296
232.950	523.185
233.080	523.404
233.210	521.793
233.340	522.444
233.470	524.511
233.600	525.531
233.730	524.626
233.860	524.600
234.000	525.801
234.130	526.170
234.260	523.675
234.390	523.252
234.520	524.082
234.650	524.771
234.780	523.577
234.910	522.414
235.040	523.536
235.170	523.762
235.300	524.396
235.440	524.517
235.570	527.711
235.700	527.811
235.830	527.818
235.960	527.359
236.090	526.756
236.220	525.451
236.350	522.200
236.480	522.135
236.620	524.209
236.750	523.832
236.880	523.357
237.010	524.376
237.140	525.519
237.270	525.963
237.400	522.659
237.530	523.298
237.660	525.529
237.800	524.306
237.930	522.450
238.060	522.276
238.190	523.224
238.320	523.108
238.450	520.660
238.580	521.420
238.710	523.244
238.840	523.196
238.980	521.984
239.110	521.655
239.240	522.218
239.370	522.763
239.500	521.665
239.630	521.508
239.760	523.737
239.890	523.445
240.030	523.274
240.160	523.021
240.290	523.153
240.420	523.212
240.550	521.100
240.680	521.706
240.810	522.917
240.950	521.699
241.080	521.049
241.210	521.761
241.340	522.921
241.470	522.459
241.600	520.199
241.730	520.663
241.870	523.827
242.000	523.188
242.130	522.294
242.260	522.988
242.390	524.360
242.520	525.269
242.650	522.845
242.790	524.060
242.920	525.102
243.050	524.721
243.180	524.273
243.310	524.591
243.440	525.059
243.570	523.468
243.710	522.137
243.840	523.521
243.970	526.161
244.100	525.659
244.230	524.568
244.360	525.131
244.500	526.767
244.630	525.608
244.760	522.758
244.890	522.539
245.020	525.328
245.150	525.700
245.280	524.894
245.420	525.474
245.550	526.730
245.680	527.366
245.810	524.579
245.940	524.349
246.070	527.573
246.210	526.727
246.340	525.136
246.470	525.678
246.600	527.051
246.730	527.415
246.860	524.664
247.000	525.595
247.130	527.937
247.260	527.760
247.390	527.843
247.520	526.718
247.660	526.378
247.790	526.330
247.920	524.521
248.050	524.772
248.180	525.784
248.310	525.771
248.450	525.880
248.580	526.139
248.710	526.331
248.840	524.928
248.970	523.314
249.110	523.645
249.240	525.169
249.370	523.735
249.500	523.745
249.630	523.992
249.770	523.744
249.900	523.717
250.030	521.139
250.160	521.858
250.290	523.477
250.420	523.676
250.560	523.533
250.690	524.026
250.820	525.461
250.950	525.552
251.080	523.459
251.220	522.876
251.350	524.088
251.480	523.567
251.610	522.440
251.740	521.385
251.880	522.569
252.010	522.886
252.140	521.759
252.270	521.903
252.400	524.109
252.540	524.584
252.670	523.267
252.800	523.566
252.930	524.675
253.070	524.755
253.200	522.623
253.330	523.471
253.460	525.663
253.590	525.117
253.730	525.066
253.860	524.885
253.990	526.273
254.120	525.755
254.250	523.809
254.390	525.235
254.520	527.587
254.650	528.569
254.780	527.623
254.920	527.684
255.050	529.154
255.180	528.120
255.310	524.614
255.440	523.727
255.580	525.527
255.710	526.022
255.840	524.646
255.970	524.885
256.110	525.901
256.240	525.462
256.370	523.256
256.500	523.050
256.640	525.041
256.770	524.946
256.900	523.787
257.030	524.135
257.170	525.305
257.300	524.838
257.430	522.892
257.560	522.860
257.690	525.021
257.830	525.683
257.960	524.245
258.090	524.400
258.220	525.483
258.360	524.739
258.490	522.914
258.620	522.235
258.750	524.906
258.890	524.761
259.020	523.032
259.150	523.832
259.280	524.279
259.420	524.583
259.550	521.908
259.680	522.667
259.810	525.088
259.950	525.339
260.080	524.480
260.210	524.489
260.340	525.460
260.480	525.878
260.610	524.168
260.740	523.452
260.870	526.513
261.010	526.688
261.140	527.082
261.270	526.719
261.410	528.923
261.540	529.966
261.670	527.953
261.800	528.495
261.940	530.832
262.070	530.479
262.200	529.084
262.330	529.577
262.470	530.752
262.600	530.502
262.730	526.854
262.860	526.652
263.000	528.258
263.130	527.056
263.260	524.993
263.400	525.428
263.530	526.381
263.660	526.992
263.790	525.414
263.930	525.010
264.060	528.048
264.190	527.468
264.330	526.448
264.460	526.235
264.590	526.510
264.720	527.610
264.860	525.188
264.990	526.117
265.120	528.560
265.260	529.508
265.390	528.217
265.520	528.535
265.650	529.849
265.790	528.979
265.920	527.590
266.050	526.725
266.190	530.171
266.320	529.856
266.450	528.402
266.580	528.795
266.720	529.413
266.850	529.258
266.980	526.302
267.120	524.988
267.250	527.432
267.380	526.863
267.520	525.831
267.650	525.465
267.780	526.171
267.910	527.160
268.050	524.463
268.180	525.363
268.310	526.229
268.450	525.962
268.580	525.052
268.710	524.597
268.850	524.973
268.980	523.819
269.110	523.310
269.250	523.877
269.380	526.016
269.510	526.281
269.640	526.055
269.780	526.267
269.910	526.909
270.040	526.393
270.180	524.191
270.310	524.038
270.440	525.836
270.580	525.824
270.710	524.235
270.840	524.411
270.980	525.359
271.110	525.215
271.240	523.122
271.380	522.604
271.510	525.474
271.640	524.725
271.780	524.085
271.910	524.610
272.040	526.645
272.180	527.194
272.310	524.596
272.440	526.012
272.580	527.114
272.710	527.251
272.840	525.306
272.980	524.816
273.110	525.982
273.240	525.425
273.380	523.562
273.510	523.799
273.640	526.389
273.780	526.060
273.910	525.758
274.040	525.633
274.180	526.549
274.310	525.299
274.440	521.782
274.580	522.566
274.710	522.930
274.840	522.811
274.980	521.453
275.110	521.340
275.240	522.782
275.380	521.729
275.510	520.501
275.650	520.291
275.780	523.413
275.910	523.292
276.050	521.730
276.180	521.703
276.310	522.466
276.450	522.000
276.580	519.017
276.710	519.174
276.850	520.896
276.980	521.669
277.110	520.342
277.250	521.036
277.380	521.865
277.520	522.646
277.650	522.233
277.780	522.320
277.920	526.836
278.050	527.173
278.180	528.110
278.320	527.807
278.450	528.877
278.580	529.782
278.720	527.813
278.850	529.063
278.990	530.431
279.120	531.115
279.250	531.237
279.390	531.596
279.520	531.386
279.650	531.742
279.790	531.752
279.920	534.201
280.060	539.889
280.190	543.015
280.320	545.636
280.460	548.481
280.590	551.666
280.730	553.763
280.860	551.442
280.990	553.890
281.130	557.449
281.260	558.028
281.390	559.097
281.530	561.228
281.660	563.227
281.800	564.394
281.930	563.061
282.060	565.501
282.200	568.092
282.330	568.825
282.470	569.288
282.600	568.506
282.730	569.728
282.870	571.131
283.000	568.580
283.140	569.030
283.270	571.425
283.400	571.190
283.540	571.296
283.670	571.593
283.810	576.112
283.940	578.765
284.070	579.714
284.210	583.626
284.340	588.410
284.480	589.830
284.610	588.731
284.740	587.783
284.880	586.844
285.010	585.763
285.150	582.959
285.280	580.553
285.410	579.182
285.550	576.146
285.680	573.209
285.820	569.895
285.950	567.217
286.090	564.368
286.220	561.594
286.350	560.144
286.490	561.529
286.620	560.177
286.760	558.392
286.890	558.849
287.020	559.636
287.160	559.498
287.290	558.514
287.430	558.535
287.560	560.621
287.700	559.528
287.830	558.736
287.960	558.603
288.100	559.229
288.230	559.683
288.370	558.935
288.500	560.781
288.640	563.594
288.770	565.329
288.900	564.720
289.040	565.523
289.170	566.722
289.310	567.181
289.440	565.998
289.580	564.959
289.710	567.908
289.850	568.979
289.980	568.239
290.110	567.026
290.250	566.101
290.380	565.777
290.520	561.347
290.650	560.135
290.790	561.144
290.920	560.346
291.060	558.686
291.190	557.933
291.320	557.768
291.460	557.807
291.590	555.213
291.730	554.746
291.860	556.079
292.000	555.656
292.130	554.382
292.270	552.598
292.400	552.005
292.540	551.429
292.670	549.315
292.800	548.939
292.940	551.299
293.070	550.835
293.210	550.020
293.340	549.801
293.480	550.090
293.610	550.677
293.750	548.148
293.880	549.149
294.020	549.760
294.150	549.902
294.290	549.031
294.420	548.317
294.550	549.769
294.690	548.753
294.820	548.161
294.960	548.403
295.090	552.164
295.230	553.132
295.360	552.328
295.500	552.599
295.630	553.348
295.770	553.543
295.900	550.295
296.040	549.374
296.170	551.133
296.310	551.745
296.440	550.445
296.580	550.008
296.710	549.682
296.850	549.283
296.980	545.951
297.120	543.406
297.250	545.039
297.380	545.015
297.520	543.827
297.650	543.158
297.790	543.513
297.920	544.168
298.060	540.953
298.190	538.293
298.330	539.844
298.460	539.034
298.600	536.999
298.730	535.902
298.870	536.134
299.000	536.883
299.140	533.868
299.270	533.826
299.410	535.738
299.540	535.523
299.680	535.213
299.810	535.415
299.950	536.456
300.080	536.004
300.220	535.383
300.350	535.334
300.490	537.054
300.620	536.075
300.760	535.623
300.890	535.652
301.030	535.131
301.160	536.021
301.300	533.873
301.430	534.700
301.570	537.425
301.700	538.050
301.840	537.697
301.980	538.622
302.110	540.272
302.250	540.788
302.380	539.485
302.520	539.660
302.650	542.184
302.790	542.035
302.920	542.041
303.060	542.428
303.190	543.104
303.330	543.627
303.460	543.321
303.600	544.756
303.730	548.312
303.870	550.229
304.000	550.913
304.140	553.667
304.270	555.643
304.410	556.833
304.540	556.599
304.680	559.150
304.820	564.427
304.950	567.305
305.090	571.319
305.220	583.118
305.360	611.184
305.490	656.141
305.630	710.279
305.760	781.531
305.900	867.768
306.030	952.028
306.170	1022.832
306.300	1072.894
306.440	1110.578
306.570	1129.454
306.710	1130.717
306.850	1127.434
306.980	1128.134
307.120	1134.029
307.250	1143.434
307.390	1161.050
307.520	1181.435
307.660	1202.316
307.790	1218.578
307.930	1243.601
308.070	1287.035
308.200	1337.306
308.340	1388.031
308.470	1438.432
308.610	1494.373
308.740	1539.343
308.880	1564.517
309.010	1578.009
309.150	1592.470
309.290	1606.301
309.420	1611.622
309.560	1605.656
309.690	1603.105
309.830	1598.041
309.960	1583.130
310.100	1556.059
310.230	1532.136
310.370	1515.443
310.510	1488.355
310.640	1454.766
310.780	1423.160
310.910	1401.614
311.050	1373.622
311.180	1342.202
311.320	1317.651
311.460	1303.814
311.590	1292.764
311.730	1275.714
311.860	1257.913
312.000	1249.669
312.130	1237.707
312.270	1217.351
312.410	1193.132
312.540	1173.716
312.680	1159.225
312.810	1140.203
312.950	1122.793
313.090	1106.506
313.220	1096.104
313.360	1084.585
313.490	1074.236
313.630	1063.002
313.760	1052.385
313.900	1045.592
314.040	1038.645
314.170	1034.424
314.310	1027.586
314.440	1024.603
314.580	1019.914
314.720	1013.416
314.850	1007.295
314.990	1002.619
315.120	997.068
315.260	986.965
315.400	975.406
315.530	965.277
315.670	953.667
315.800	937.771
315.940	923.699
316.080	909.602
316.210	897.474
316.350	881.938
316.480	864.653
316.620	853.288
316.760	841.432
316.890	828.553
317.030	814.406
317.160	803.194
317.300	794.088
317.440	780.907
317.570	767.841
317.710	758.849
317.840	754.171
317.980	747.232
318.120	739.264
318.250	732.169
318.390	726.999
318.520	721.585
318.660	714.577
318.800	710.018
318.930	707.650
319.070	702.784
319.210	696.274
319.340	690.655
319.480	686.025
319.610	681.090
319.750	674.648
319.890	670.199
320.020	665.811
320.160	661.007
320.300	653.923
320.430	651.208
320.570	649.395
320.700	646.513
320.840	644.613
320.980	640.978
321.110	640.382
321.250	636.517
321.390	633.337
321.520	632.739
321.660	631.268
321.790	630.495
321.930	626.569
322.070	622.819
322.200	620.626
322.340	616.716
322.480	612.320
322.610	609.195
322.750	607.262
322.890	605.538
323.020	600.294
323.160	596.701
323.300	595.826
323.430	592.493
323.570	589.487
323.700	588.036
323.840	587.822
323.980	589.451
324.110	587.899
324.250	586.990
324.390	587.918
324.520	585.898
324.660	584.214
324.800	581.802
324.930	578.684
325.070	578.620
325.210	575.774
325.340	573.936
325.480	573.911
325.620	571.184
325.750	569.875
325.890	568.280
326.030	566.671
326.160	565.347
326.300	562.642
326.440	560.192
326.570	559.848
326.710	558.164
326.850	557.136
326.980	557.653
327.120	557.145
327.260	557.759
327.390	555.587
327.530	555.280
327.670	556.920
327.800	553.745
327.940	552.635
328.080	551.388
328.210	551.843
328.350	549.557
328.490	545.170
328.620	546.099
328.760	546.814
328.900	545.244
329.030	542.617
329.170	542.095
329.310	541.979
329.440	540.704
329.580	537.958
329.720	537.241
329.850	540.643
329.990	540.193
330.130	540.376
330.260	539.601
330.400	540.005
330.540	541.102
330.680	538.489
330.810	538.143
330.950	539.285
331.090	539.193
331.220	538.374
331.360	538.253
331.500	538.586
331.630	538.390
331.770	536.645
331.910	537.586
332.040	541.524
332.180	540.976
332.320	540.729
332.460	541.842
332.590	543.641
332.730	544.310
332.870	541.882
333.000	543.728
333.140	545.446
333.280	545.782
333.410	544.359
333.550	543.891
333.690	544.046
333.830	543.666
333.960	541.286
334.100	542.195
334.240	545.780
334.370	546.898
334.510	548.548
334.650	550.601
334.790	553.602
334.920	554.675
335.060	553.520
335.200	554.731
335.330	557.930
335.470	560.187
335.610	562.331
335.750	565.836
335.880	570.192
336.020	574.007
336.160	575.269
336.300	578.658
336.430	585.497
336.570	587.357
336.710	587.535
336.840	587.138
336.980	586.117
337.120	582.040
337.260	574.117
337.390	568.859
337.530	565.943
337.670	560.843
337.810	555.937
337.940	552.518
338.080	549.500
338.220	547.331
338.350	542.475
338.490	540.806
338.630	541.085
338.770	537.945
338.900	535.404
339.040	531.929
339.180	532.206
339.320	530.588
339.450	526.052
339.590	525.953
339.730	527.484
339.870	527.662
340.000	525.758
340.140	525.837
340.280	527.690
340.420	527.030
340.550	524.443
340.690	524.851
340.830	527.850
340.970	527.533
341.100	526.446
341.240	527.820
341.380	528.800
341.520	529.595
341.650	526.309
341.790	526.206
341.930	528.666
342.070	526.643
342.200	525.884
342.340	524.701
342.480	525.973
342.620	526.379
342.750	524.344
342.890	526.153
343.030	528.904
343.170	529.187
343.300	528.679
343.440	528.542
343.580	529.442
343.720	528.578
343.860	526.157
343.990	525.691
344.130	526.392
344.270	526.651
344.410	525.061
344.540	525.368
344.680	525.369
344.820	526.158
344.960	525.264
345.090	525.375
345.230	528.340
345.370	528.273
345.510	528.355
345.650	529.192
345.780	530.403
345.920	529.742
346.060	526.479
346.200	526.852
346.340	528.761
346.470	528.421
346.610	526.914
346.750	527.102
346.890	529.077
347.020	529.352
347.160	527.033
347.300	526.635
347.440	530.100
347.580	530.491
347.710	530.110
347.850	530.879
347.990	532.956
348.130	534.294
348.270	531.521
348.400	532.878
348.540	534.275
348.680	533.475
348.820	531.968
348.960	531.220
349.090	532.311
349.230	531.523
349.370	530.600
349.510	531.956
349.650	535.128
349.780	535.756
349.920	535.151
350.060	535.690
350.200	536.098
350.340	536.275
350.470	534.125
350.610	533.640
350.750	535.912
350.890	536.177
351.030	535.839
351.160	535.917
351.300	536.608
351.440	536.768
351.580	534.855
351.720	535.008
351.860	537.751
351.990	536.908
352.130	537.217
352.270	538.785
352.410	539.543
352.550	539.900
352.680	537.469
352.820	538.519
352.960	540.474
353.100	541.073
353.240	541.676
353.380	542.137
353.510	542.544
353.650	542.600
353.790	540.557
353.930	539.629
354.070	541.370
354.210	540.682
354.340	540.603
354.480	540.904
354.620	541.690
354.760	542.068
354.900	539.077
355.040	539.522
355.170	541.178
355.310	540.667
355.450	539.347
355.590	539.636
355.730	540.550
355.870	541.262
356.000	540.715
356.140	541.528
356.280	545.754
356.420	546.310
356.560	547.343
356.700	549.095
356.830	551.284
356.970	554.517
357.110	554.759
357.250	556.509
357.390	559.533
357.530	558.546
357.670	556.533
357.800	553.453
357.940	550.916
358.080	547.425
358.220	542.461
358.360	539.826
358.500	540.535
358.640	537.833
358.770	534.626
358.910	533.162
359.050	532.371
359.190	531.111
359.330	526.309
359.470	525.480
359.610	526.694
359.740	525.879
359.880	524.398
360.020	523.615
360.160	524.724
360.300	524.628
360.440	522.504
360.580	522.643
360.710	524.219
360.850	524.538
360.990	522.676
361.130	523.234
361.270	523.728
361.410	524.118
361.550	522.499
361.690	523.323
361.820	525.637
361.960	525.028
362.100	523.410
362.240	522.445
362.380	522.704
362.520	521.920
362.660	519.246
362.800	518.466
362.940	521.271
363.070	521.164
363.210	519.315
363.350	519.524
363.490	520.749
363.630	520.620
363.770	519.098
363.910	519.855
364.050	522.768
364.180	521.863
364.320	521.637
364.460	522.820
364.600	523.067
364.740	522.914
364.880	521.082
365.020	521.402
365.160	524.799
365.300	525.415
365.440	525.001
365.570	525.745
365.710	527.424
365.850	528.344
365.990	525.048
366.130	524.560
366.270	526.956
366.410	525.758
366.550	524.815
366.690	524.685
366.830	525.225
366.960	523.522
367.100	521.237
367.240	521.489
367.380	524.069
367.520	523.158
367.660	523.452
367.800	525.273
367.940	525.704
368.080	525.878
368.220	523.497
368.360	523.919
368.490	524.634
368.630	523.948
368.770	523.480
368.910	522.616
369.050	522.863
369.190	523.786
369.330	523.172
369.470	523.947
369.610	525.780
369.750	527.295
369.890	527.398
370.030	526.318
370.170	526.394
370.300	526.981
370.440	524.599
370.580	524.572
370.720	526.651
370.860	527.527
371.000	527.721
371.140	527.170
371.280	528.549
371.420	528.447
371.560	525.874
371.700	526.424
371.840	528.406
371.980	528.564
372.120	527.683
372.260	527.495
372.390	528.670
372.530	528.402
372.670	526.219
372.810	526.143
372.950	528.030
373.090	528.006
373.230	528.127
373.370	528.202
373.510	529.101
373.650	528.242
373.790	527.853
373.930	528.393
374.070	530.590
374.210	529.998
374.350	529.007
374.490	530.022
374.630	529.665
374.770	530.726
374.910	528.147
375.040	528.751
375.180	531.728
375.320	532.065
375.460	531.547
375.600	530.313
375.740	530.810
375.880	530.269
376.020	526.628
376.160	526.451
376.300	528.897
376.440	528.741
376.580	527.844
376.720	527.151
376.860	528.471
377.000	527.746
377.140	524.923
377.280	525.512
377.420	527.200
377.560	527.823
377.700	527.155
377.840	528.383
377.980	529.061
378.120	528.275
378.260	526.482
378.400	526.587
378.540	528.608
378.680	527.247
378.820	527.736
378.960	528.742
379.100	529.784
379.230	529.738
379.370	527.859
379.510	528.742
379.650	530.342
379.790	530.442
379.930	530.175
380.070	530.633
380.210	532.312
380.350	532.246
380.490	530.319
380.630	529.771
380.770	531.689
380.910	530.994
381.050	529.247
381.190	528.702
381.330	528.691
381.470	527.820
381.610	524.723
381.750	524.653
381.890	525.345
382.030	524.730
382.170	523.870
382.310	523.556
382.450	525.078
382.590	524.934
382.730	523.615
382.870	524.005
383.010	525.744
383.150	526.107
383.290	524.982
383.430	525.450
383.570	525.954
383.710	525.276
383.850	522.797
383.990	522.642
384.130	524.502
384.270	524.188
384.410	523.291
384.550	523.765
384.690	525.063
384.830	525.137
384.970	522.759
385.110	523.083
385.250	526.310
385.390	526.186
385.530	525.870
385.670	526.101
385.810	527.214
385.950	526.853
386.090	524.811
386.240	525.186
386.380	526.988
386.520	527.168
386.660	525.673
386.800	525.975
386.940	524.981
387.080	525.117
387.220	522.810
387.360	522.014
387.500	523.745
387.640	523.306
387.780	522.881
387.920	522.505
388.060	523.259
388.200	523.318
388.340	522.297
388.480	522.496
388.620	525.343
388.760	525.438
388.900	524.590
389.040	524.733
389.180	525.582
389.320	526.390
389.460	525.012
389.600	526.201
389.740	528.865
389.880	529.668
390.020	529.231
390.160	528.562
390.300	529.639
390.450	528.751
390.590	527.514
390.730	527.436
390.870	529.446
391.010	529.762
391.150	528.446
391.290	529.273
391.430	529.415
391.570	529.867
391.710	528.279
391.850	527.535
391.990	529.661
392.130	529.060
392.270	527.946
392.410	527.489
392.550	527.072
392.690	527.630
392.830	525.445
392.970	525.516
393.120	528.632
393.260	528.781
393.400	529.246
393.540	529.629
393.680	530.537
393.820	530.075
393.960	527.815
394.100	527.864
394.240	528.911
394.380	528.382
394.520	526.677
394.660	526.695
394.800	526.057
394.940	524.784
395.080	523.018
395.230	523.548
395.370	525.991
395.510	526.309
395.650	526.077
395.790	526.940
395.930	527.324
396.070	527.077
396.210	525.093
396.350	524.847
396.490	527.980
396.630	528.284
396.770	527.535
396.920	527.658
397.060	528.346
397.200	528.682
397.340	525.555
397.480	526.361
397.620	528.682
397.760	528.275
397.900	527.632
398.040	527.191
398.180	528.604
398.320	527.490
398.460	525.327
398.610	525.649
398.750	527.496
398.890	528.524
399.030	526.553
399.170	526.559
399.310	527.653
399.450	527.399
399.590	525.053
399.730	524.129
399.870	525.790
400.020	525.593
400.160	524.524
400.300	524.472
400.440	524.819
400.580	523.991
400.720	521.764
400.860	520.906
401.000	522.450
401.140	521.885
401.290	521.545
401.430	521.059
401.570	522.531
401.710	523.134
401.850	521.196
401.990	520.960
402.130	522.898
402.270	523.674
402.410	522.515
402.560	522.895
402.700	524.013
402.840	524.836
402.980	522.958
403.120	523.556
403.260	527.051
403.400	527.056
403.540	525.923
403.690	526.068
403.830	527.423
403.970	528.065
404.110	525.212
404.250	524.445
404.390	527.874
404.530	528.084
404.670	526.953
404.820	525.961
404.960	526.547
405.100	527.183
405.240	524.657
405.380	523.855
405.520	526.164
405.660	526.655
405.800	526.110
405.950	525.940
406.090	526.320
406.230	525.917
406.370	523.731
406.510	523.384
406.650	525.317
406.790	525.770
406.940	524.802
407.080	525.028
407.220	526.082
407.360	526.127
407.500	524.128
407.640	524.051
407.780	526.629
407.930	526.883
408.070	525.893
408.210	526.744
408.350	528.527
408.490	528.689
408.630	526.549
408.770	526.636
408.920	527.986
409.060	526.681
409.200	524.713
409.340	523.697
409.480	523.928
409.620	524.310
409.770	522.684
409.910	523.275
410.050	525.419
410.190	525.186
410.330	525.082
410.470	524.272
410.620	524.659
410.760	523.789
410.900	521.277
411.040	522.465
411.180	523.257
411.320	523.134
411.470	521.713
411.610	521.797
411.750	522.540
411.890	522.301
412.030	520.895
412.170	521.294
412.320	524.330
412.460	524.694
412.600	524.317
412.740	523.086
412.880	523.966
413.020	523.693
413.170	521.317
413.310	521.366
413.450	522.488
413.590	523.580
413.730	521.180
413.880	520.284
414.020	521.163
414.160	519.962
414.300	518.334
414.440	518.215
414.580	520.991
414.730	520.730
414.870	519.261
415.010	520.122
415.150	520.375
415.290	520.137
415.440	518.650
415.580	520.025
415.720	521.769
415.860	520.676
416.000	520.850
416.150	520.865
416.290	521.037
416.430	519.966
416.570	518.127
416.710	518.560
416.860	520.301
417.000	519.311
417.140	517.844
417.280	518.607
417.420	518.964
417.570	519.424
417.710	516.729
417.850	517.201
417.990	520.080
418.130	519.481
418.280	519.807
418.420	519.802
418.560	520.915
418.700	521.524
418.840	519.888
418.990	521.206
419.130	524.659
419.270	525.129
419.410	526.600
419.560	526.892
419.700	528.359
419.840	527.981
419.980	524.609
420.120	524.534
420.270	525.315
420.410	524.260
420.550	522.862
420.690	522.324
420.840	522.134
420.980	522.086
421.120	519.258
421.260	519.118
421.400	521.104
421.550	521.566
421.690	521.455
421.830	521.315
421.970	521.602
422.120	522.250
422.260	519.829
422.400	519.699
422.540	521.357
422.690	520.953
422.830	520.973
422.970	521.385
423.110	522.366
423.250	523.563
423.400	522.837
423.540	524.382
423.680	526.657
423.820	527.118
423.970	525.817
424.110	524.421
424.250	525.655
424.390	525.290
424.540	522.899
424.680	522.271
424.820	525.064
424.960	525.739
425.110	523.949
425.250	524.110
425.390	523.990
425.530	524.075
425.680	520.464
425.820	519.876
425.960	521.843
426.100	521.009
426.250	521.002
426.390	520.975
426.530	522.332
426.670	522.219
426.820	520.901
426.960	520.223
427.100	521.038
427.240	519.804
427.390	519.387
427.530	519.390
427.670	519.285
427.820	518.833
427.960	518.125
428.100	520.241
428.240	522.169
428.390	521.925
428.530	520.869
428.670	522.969
428.810	524.620
428.960	524.135
429.100	522.491
429.240	522.739
429.380	525.477
429.530	524.361
429.670	522.824
429.810	522.413
429.960	522.893
430.100	523.338
430.240	521.556
430.380	521.778
430.530	523.504
430.670	523.032
430.810	522.964
430.960	522.432
431.100	522.031
431.240	520.490
431.380	518.718
431.530	518.336
431.670	519.751
431.810	519.747
431.960	518.600
432.100	520.096
432.240	519.753
432.380	519.406
432.530	516.970
432.670	516.397
432.810	519.628
432.960	518.968
433.100	517.716
433.240	518.672
433.380	519.046
433.530	519.774
433.670	516.493
433.810	516.822
433.960	519.974
434.100	520.333
434.240	520.221
434.390	520.533
434.530	522.382
434.670	523.181
434.810	521.513
434.960	521.556
435.100	525.485
435.240	525.142
435.390	524.041
435.530	523.377
435.670	524.442
435.820	523.488
435.960	519.360
436.100	518.810
436.250	519.224
436.390	518.568
436.530	517.082
436.680	516.924
436.820	517.663
436.960	517.751
437.100	516.701
437.250	517.705
437.390	520.419
437.530	520.978
437.680	520.764
437.820	520.780
437.960	522.014
438.110	521.524
438.250	518.981
438.390	518.144
438.540	519.967
438.680	520.292
438.820	519.271
438.970	520.825
439.110	521.135
439.250	522.815
439.400	521.209
439.540	521.507
439.680	524.342
439.830	522.698
439.970	521.896
440.110	520.618
440.260	521.388
440.400	520.620
440.540	517.858
440.690	518.042
440.830	519.775
440.970	520.399
441.120	519.143
441.260	519.225
441.400	519.196
441.550	518.810
441.690	517.989
441.830	517.527
441.980	519.814
442.120	519.561
442.260	519.142
442.410	518.712
442.550	518.579
442.690	518.125
442.840	515.169
442.980	515.712
443.130	517.429
443.270	517.542
443.410	516.607
443.560	516.467
443.700	517.630
443.840	517.339
443.990	515.338
444.130	515.100
444.270	517.954
444.420	517.492
444.560	516.330
444.700	515.774
444.850	516.230
444.990	516.192
445.140	514.115
445.280	514.607
445.420	515.808
445.570	515.891
445.710	516.292
445.850	517.218
446.000	516.705
446.140	516.742
446.290	515.337
446.430	516.190
446.570	518.995
446.720	517.824
446.860	518.032
447.000	518.148
447.150	519.620
447.290	519.509
447.440	516.428
447.580	517.304
447.720	519.874
447.870	520.448
448.010	519.961
448.150	520.507
448.300	521.103
448.440	520.845
448.590	518.032
448.730	517.516
448.870	520.817
449.020	520.037
449.160	520.004
449.300	519.710
449.450	520.635
449.590	520.411
449.740	516.616
449.880	516.757
450.020	518.120
450.170	518.244
450.310	516.159
450.460	516.483
450.600	515.651
450.740	514.414
450.890	511.410
451.030	511.159
451.180	513.791
451.320	513.218
451.460	513.487
451.610	514.775
451.750	515.805
451.900	515.651
452.040	513.703
452.180	513.359
452.330	515.097
452.470	513.967
452.620	514.056
452.760	514.280
452.900	514.895
453.050	514.584
453.190	513.388
453.340	513.493
453.480	515.515
453.630	515.097
453.770	514.376
453.910	515.646
454.060	515.728
454.200	515.309
454.350	512.270
454.490	512.386
454.630	513.385
454.780	512.395
454.920	510.918
455.070	511.339
455.210	512.969
455.360	513.430
455.500	513.472
455.640	513.181
455.790	516.686
455.930	517.810
456.080	516.815
456.220	516.425
456.370	517.366
456.510	518.986
456.650	516.099
456.800	515.726
456.940	518.881
457.090	518.793
457.230	516.715
457.380	516.626
457.520	517.754
457.660	517.948
457.810	514.494
457.950	514.943
458.100	517.981
458.240	517.282
458.390	516.711
458.530	516.238
458.680	517.734
458.820	517.270
458.960	514.979
459.110	515.637
459.250	517.296
459.400	518.030
459.540	516.695
459.690	517.425
459.830	518.038
459.980	518.389
460.120	517.505
460.260	517.210
460.410	520.391
460.550	520.519
460.700	519.406
460.840	518.730
460.990	518.616
461.130	518.544
461.280	515.753
461.420	515.589
461.570	517.239
461.710	517.089
461.850	517.139
462.000	517.063
462.140	518.163
462.290	517.885
462.430	516.263
462.580	515.792
462.720	516.792
462.870	516.659
463.010	515.278
463.160	515.130
463.300	516.290
463.450	516.774
463.590	514.799
463.740	514.497
463.880	516.373
464.020	516.259
464.170	514.980
464.310	514.795
464.460	515.939
464.600	516.617
464.750	515.451
464.890	515.917
465.040	519.328
465.180	519.507
465.330	519.351
465.470	519.251
465.620	520.745
465.760	521.525
465.910	518.932
466.050	518.936
466.200	520.794
466.340	520.584
466.490	519.603
466.630	518.472
466.780	519.126
466.920	519.801
467.070	518.302
467.210	518.351
467.360	519.459
467.500	519.765
467.650	519.107
467.790	518.826
467.940	518.836
468.080	518.670
468.230	516.870
468.370	517.894
468.520	519.372
468.660	519.361
468.810	518.532
468.950	518.937
469.100	519.309
469.240	518.435
469.390	516.435
469.530	516.076
469.680	519.146
469.820	518.073
469.970	516.701
470.110	515.583
470.260	516.577
470.400	515.709
470.550	512.959
470.690	512.363
470.840	514.734
470.980	514.782
471.130	514.217
471.270	514.346
471.420	514.163
471.560	515.499
471.710	513.287
471.850	513.832
472.000	515.732
472.140	516.658
472.290	517.007
472.430	516.926
472.580	517.413
472.720	517.768
472.870	515.581
473.010	516.052
473.160	516.489
473.300	516.560
473.450	517.224
473.590	517.866
473.740	518.585
473.890	518.488
474.030	517.467
474.180	517.449
474.320	519.310
474.470	518.695
474.610	517.656
474.760	518.234
474.900	519.174
475.050	518.490
475.190	515.432
475.340	515.098
475.480	517.371
475.630	516.484
475.770	515.118
475.920	515.524
476.070	516.915
476.210	517.266
476.360	515.159
476.500	514.702
476.650	517.374
476.790	519.774
476.940	519.555
477.080	519.535
477.230	520.410
477.370	520.336
477.520	518.574
477.670	517.194
477.810	519.124
477.960	518.606
478.100	517.337
478.250	517.726
478.390	517.315
478.540	516.629
478.680	513.179
478.830	513.232
478.980	515.464
479.120	516.231
479.270	515.835
479.410	515.589
479.560	516.571
479.700	517.225
479.850	515.473
479.990	514.009
480.140	516.332
480.290	516.383
480.430	515.736
480.580	515.033
480.720	514.749
480.870	515.590
481.010	513.263
481.160	512.880
481.310	514.273
481.450	514.196
481.600	514.283
481.740	513.452
481.890	513.994
482.030	513.183
482.180	511.420
482.330	512.024
482.470	512.901
482.620	514.233
482.760	512.672
482.910	513.682
483.060	515.079
483.200	515.444
483.350	514.538
483.490	513.736
483.640	517.452
483.780	517.592
483.930	517.725
484.080	517.453
484.220	517.476
484.370	518.818
484.510	517.241
484.660	518.061
484.810	520.891
484.950	521.365
485.100	522.766
485.240	523.127
485.390	523.823
485.540	524.201
485.680	521.943
485.830	522.373
485.970	524.727
486.120	523.585
486.270	522.100
486.410	522.037
486.560	522.589
486.700	522.844
486.850	520.308
487.000	520.687
487.140	522.980
487.290	522.598
487.430	520.678
487.580	520.031
487.730	520.069
487.870	519.349
488.020	516.801
488.160	516.298
488.310	517.913
488.460	517.389
488.600	515.966
488.750	515.391
488.890	515.690
489.040	514.964
489.190	513.576
489.330	512.908
489.480	515.400
489.630	515.447
489.770	514.596
489.920	515.833
490.060	516.127
490.210	516.251
490.360	514.104
490.500	514.660
490.650	517.714
490.790	517.680
490.940	517.264
491.090	517.594
491.230	518.684
491.380	518.797
491.530	517.273
491.670	516.961
491.820	517.671
491.970	518.177
492.110	516.999
492.260	516.264
492.400	516.601
492.550	516.282
492.700	515.512
492.840	514.924
492.990	517.732
493.140	518.255
493.280	516.994
493.430	516.689
493.580	517.752
493.720	517.870
493.870	515.428
494.010	515.117
494.160	518.850
494.310	519.712
494.450	518.810
494.600	518.897
494.750	518.543
494.890	518.565
495.040	515.828
495.190	515.994
495.330	520.047
495.480	520.502
495.630	520.185
495.770	520.725
495.920	521.501
496.070	521.277
496.210	516.402
496.360	516.501
496.510	518.028
496.650	516.968
496.800	513.667
496.940	512.612
497.090	512.369
497.240	510.604
497.380	508.217
497.530	508.163
497.680	512.052
497.820	512.174
497.970	512.585
498.120	513.692
498.260	514.740
498.410	515.664
498.560	512.887
498.700	513.190
498.850	515.403
499.000	515.700
499.140	516.125
499.290	516.414
499.440	517.691
499.590	517.937
499.730	515.165
499.880	515.391
500.030	517.280
500.170	516.732
500.320	516.527
500.470	516.256
500.610	518.093
500.760	517.163
500.910	514.816
501.050	514.748
501.200	514.403
501.350	513.571
501.490	512.112
501.640	511.734
501.790	512.091
501.930	511.586
502.080	511.040
502.230	511.887
502.370	514.720
502.520	514.879
502.670	515.324
502.820	516.588
502.960	517.858
503.110	518.017
503.260	516.518
503.400	517.306
503.550	518.443
503.700	517.161
503.840	516.132
503.990	516.441
504.140	516.857
504.290	517.173
504.430	515.262
504.580	516.084
504.730	518.790
504.870	518.704
505.020	517.462
505.170	517.289
505.310	518.111
505.460	517.882
505.610	515.261
505.760	515.957
505.900	517.942
506.050	516.647
506.200	516.114
506.340	516.537
506.490	517.094
506.640	516.186
506.790	513.536
506.930	514.207
507.080	515.998
507.230	515.515
507.370	515.003
507.520	515.119
507.670	516.703
507.820	517.734
507.960	515.374
508.110	515.211
508.260	518.028
508.400	517.770
508.550	516.819
508.700	514.940
508.850	515.561
508.990	515.705
509.140	512.225
509.290	511.987
509.440	514.045
509.580	514.719
509.730	514.131
509.880	514.931
510.030	517.075
510.170	517.071
510.320	514.693
510.470	515.062
510.610	516.746
510.760	516.090
510.910	513.639
511.060	513.980
511.200	515.464
511.350	515.416
511.500	513.887
511.650	513.385
511.790	516.091
511.940	515.611
512.090	514.994
512.240	514.130
512.380	514.901
512.530	515.368
512.680	512.941
512.830	512.726
512.970	515.293
513.120	515.485
513.270	514.965
513.420	515.195
513.560	517.055
513.710	518.521
513.860	515.397
514.010	515.762
514.150	519.074
514.300	518.912
514.450	516.959
514.600	515.886
514.740	517.019
514.890	516.858
515.040	513.002
515.190	512.837
515.330	514.765
515.480	513.979
515.630	512.326
515.780	512.633
515.930	513.621
516.070	514.164
516.220	513.047
516.370	514.183
516.520	516.414
516.660	516.421
516.810	515.947
516.960	514.731
517.110	515.210
517.250	515.122
517.400	513.280
517.550	512.944
517.700	515.678
517.850	515.788
517.990	515.336
518.140	516.142
518.290	516.529
518.440	517.217
518.580	514.672
518.730	515.292
518.880	517.467
519.030	516.621
519.180	516.626
519.320	516.507
519.470	516.420
519.620	517.112
519.770	514.459
519.920	514.466
520.060	515.283
520.210	514.397
520.360	513.471
520.510	512.987
520.650	514.864
520.800	514.111
520.950	513.390
521.100	514.168
521.250	517.708
521.390	517.997
521.540	516.202
521.690	516.627
521.840	517.629
521.990	517.765
522.130	514.206
522.280	513.755
522.430	515.783
522.580	516.283
522.730	514.690
522.870	513.230
523.020	515.050
523.170	513.997
523.320	512.526
523.470	511.569
523.620	514.115
523.760	515.055
523.910	513.889
524.060	514.397
524.210	514.640
524.360	515.503
524.500	512.975
524.650	513.488
524.800	516.225
524.950	516.398
525.100	516.508
525.240	516.694
525.390	517.758
525.540	517.738
525.690	514.805
525.840	514.951
525.990	516.318
526.130	516.654
526.280	515.368
526.430	515.067
526.580	516.414
526.730	516.051
526.880	513.455
527.020	513.077
527.170	515.312
527.320	515.354
527.470	514.523
527.620	515.176
527.770	516.696
527.910	516.144
528.060	515.296
528.210	515.954
528.360	518.111
528.510	519.424
528.660	518.552
528.800	518.439
528.950	518.636
529.100	517.551
529.250	515.722
529.400	514.812
529.550	515.342
529.690	515.815
529.840	514.119
529.990	513.980
530.140	514.927
530.290	513.433
530.440	512.609
530.580	512.289
530.730	515.054
530.880	515.878
531.030	514.253
531.180	515.547
531.330	516.491
531.480	517.122
531.620	514.761
531.770	514.381
531.920	516.374
532.070	515.901
532.220	514.566
532.370	513.862
532.520	514.458
532.660	514.244
532.810	512.621
532.960	511.919
533.110	513.829
533.260	513.263
533.410	512.206
533.560	511.900
533.710	511.924
533.850	511.981
534.000	511.284
534.150	511.147
534.300	513.778
534.450	514.635
534.600	513.812
534.750	514.839
534.890	514.774
535.040	516.209
535.190	513.919
535.340	513.527
535.490	515.738
535.640	515.212
535.790	514.145
535.940	513.294
536.080	514.328
536.230	513.895
536.380	511.233
536.530	511.011
536.680	512.639
536.830	511.772
536.980	510.719
537.130	510.623
537.280	511.816
537.420	511.011
537.570	509.151
537.720	509.799
537.870	512.738
538.020	512.614
538.170	511.747
538.320	512.910
538.470	513.919
538.620	515.097
538.760	512.478
538.910	513.485
539.060	514.704
539.210	514.888
539.360	514.085
539.510	514.611
539.660	516.577
539.810	516.352
539.960	516.707
540.110	517.094
540.250	520.699
540.400	519.866
540.550	518.969
540.700	519.036
540.850	519.558
541.000	519.164
541.150	516.070
541.300	515.044
541.450	515.658
541.600	515.774
541.740	513.684
541.890	514.275
542.040	514.819
542.190	515.384
542.340	513.264
542.490	512.793
542.640	515.935
542.790	515.805
542.940	514.615
543.090	514.045
543.240	516.318
543.390	516.305
543.530	513.434
543.680	513.318
543.830	516.243
543.980	516.167
544.130	513.761
544.280	513.312
544.430	513.902
544.580	512.769
544.730	510.017
544.880	510.128
545.030	513.116
545.180	513.405
545.330	513.421
545.480	514.511
545.620	514.855
545.770	515.195
545.920	512.551
546.070	512.817
546.220	514.136
546.370	512.890
546.520	511.984
546.670	511.592
546.820	510.894
546.970	509.685
547.120	507.612
547.270	506.925
547.420	510.041
547.570	509.855
547.720	509.807
547.870	510.314
548.010	511.139
548.160	512.655
548.310	509.793
548.460	509.682
548.610	511.657
548.760	512.649
548.910	512.537
549.060	512.674
549.210	514.256
549.360	515.014
549.510	513.993
549.660	514.320
549.810	517.163
549.960	517.687
550.110	516.830
550.260	518.099
550.410	519.380
550.560	518.485
550.710	515.714
550.860	515.064
551.010	517.712
551.160	516.223
551.300	514.942
551.450	516.046
551.600	516.715
551.750	516.399
551.900	514.206
552.050	515.259
552.200	518.189
552.350	518.087
552.500	517.346
552.650	518.534
552.800	519.762
552.950	518.926
553.100	515.495
553.250	514.995
553.400	516.286
553.550	515.690
553.700	513.368
553.850	513.519
554.000	514.349
554.150	513.512
554.300	511.033
554.450	509.071
554.600	510.878
554.750	511.069
554.900	509.882
555.050	510.073
555.200	510.847
555.350	512.155
555.500	510.550
555.650	509.707
555.800	511.984
555.950	512.335
556.100	511.887
556.250	511.795
556.400	512.877
556.550	513.842
556.700	512.799
556.850	513.588
557.000	516.337
557.150	517.437
557.300	516.818
557.450	516.261
557.600	516.864
557.750	516.502
557.900	514.718
558.050	514.018
558.200	514.719
558.350	514.382
558.500	513.268
558.650	513.267
558.800	513.761
558.950	513.706
559.100	512.817
559.250	513.487
559.400	516.269
559.550	516.492
559.700	516.035
559.850	516.112
560.000	517.397
560.150	516.652
560.300	513.837
560.450	513.708
560.600	515.313
560.750	515.611
560.900	515.050
561.050	515.779
561.200	515.929
561.350	515.988
561.500	515.183
561.650	514.528
561.800	516.371
561.950	516.124
562.100	516.595
562.250	516.589
562.400	515.869
562.550	517.031
562.700	514.417
562.850	514.436
563.000	515.651
563.150	515.340
563.300	515.571
563.450	515.112
563.600	515.166
563.750	515.506
563.900	514.063
564.050	514.536
564.200	515.941
564.350	515.172
564.500	514.505
564.660	514.869
564.810	515.958
564.960	514.846
565.110	513.265
565.260	513.845
565.410	516.350
565.560	516.147
565.710	514.552
565.860	515.005
566.010	515.522
566.160	515.809
566.310	514.061
566.460	513.766
566.610	517.232
566.760	517.250
566.910	516.341
567.060	515.553
567.210	516.025
567.360	516.455
567.510	512.753
567.660	513.034
567.810	513.961
567.970	514.116
568.120	513.341
568.270	512.208
568.420	513.041
568.570	513.022
568.720	511.790
568.870	511.188
569.020	514.353
569.170	515.699
569.320	516.067
569.470	516.271
569.620	517.722
569.770	518.811
569.920	516.087
570.070	515.276
570.220	517.236
570.380	516.741
570.530	515.707
570.680	515.497
570.830	516.381
570.980	516.011
571.130	513.340
571.280	512.804
571.430	515.370
571.580	515.262
571.730	514.102
571.880	514.195
572.030	515.458
572.180	516.001
572.340	512.973
572.490	513.429
572.640	516.235
572.790	516.640
572.940	515.355
573.090	516.010
573.240	517.202
573.390	516.723
573.540	513.958
573.690	512.919
573.840	515.673
573.990	514.588
574.150	513.569
574.300	513.180
574.450	513.823
574.600	514.623
574.750	511.821
574.900	511.336
575.050	513.314
575.200	513.465
575.350	513.079
575.500	512.837
575.650	513.636
575.810	515.323
575.960	512.205
576.110	511.475
576.260	513.186
576.410	513.327
576.560	512.111
576.710	511.528
576.860	512.818
577.010	513.864
577.160	511.723
577.320	512.284
577.470	514.280
577.620	513.972
577.770	513.011
577.920	512.149
578.070	513.372
578.220	512.649
578.370	510.613
578.520	510.953
578.680	514.702
578.830	515.541
578.980	513.662
579.130	513.827
579.280	514.491
579.430	514.442
579.580	511.481
579.730	512.374
579.890	514.569
580.040	514.339
580.190	514.085
580.340	514.213
580.490	514.277
580.640	513.629
580.790	511.856
580.940	512.564
581.100	517.194
581.250	517.314
581.400	517.644
581.550	517.053
581.700	519.017
581.850	519.536
582.000	514.781
582.150	515.178
582.310	517.116
582.460	517.583
582.610	515.273
582.760	513.554
582.910	514.401
583.060	512.637
583.210	509.825
583.370	509.146
583.520	512.183
583.670	513.468
583.820	512.639
583.970	513.616
584.120	514.043
584.270	513.929
584.430	511.003
584.580	510.014
584.730	512.034
584.880	511.683
585.030	511.253
585.180	511.224
585.330	512.243
585.490	512.288
585.640	509.500
585.790	509.681
585.940	513.001
586.090	513.146
586.240	512.330
586.390	513.920
586.550	515.934
586.700	517.073
586.850	514.256
587.000	516.470
587.150	521.593
587.300	534.680
587.460	562.217
587.610	594.486
587.760	628.715
587.910	663.154
588.060	700.810
588.210	729.318
588.370	743.740
588.520	748.262
588.670	749.110
588.820	746.233
588.970	734.963
589.120	721.464
589.280	704.025
589.430	691.542
589.580	681.564
589.730	669.367
589.880	658.294
590.030	647.547
590.190	639.036
590.340	630.138
590.490	618.438
590.640	610.522
590.790	605.749
590.950	599.097
591.100	592.320
591.250	586.610
591.400	585.715
591.550	583.469
591.700	577.260
591.860	572.842
592.010	571.652
592.160	567.733
592.310	559.458
592.460	552.145
592.620	547.372
592.770	543.082
592.920	535.966
593.070	530.805
593.220	529.636
593.380	526.175
593.530	522.682
593.680	520.835
593.830	520.187
593.980	519.891
594.140	516.866
594.290	516.598
594.440	518.232
594.590	517.278
594.740	515.652
594.900	514.400
595.050	515.204
595.200	515.359
595.350	513.174
595.500	512.716
595.660	515.041
595.810	514.484
595.960	513.850
596.110	512.980
596.260	513.318
596.420	512.406
596.570	510.039
596.720	509.825
596.870	509.795
597.020	510.174
597.180	509.923
597.330	510.415
597.480	510.039
597.630	509.546
597.790	508.972
597.940	508.995
598.090	511.043
598.240	511.539
598.390	511.808
598.550	512.877
598.700	513.101
598.850	513.285
599.000	509.989
599.160	509.762
599.310	511.301
599.460	511.200
599.610	510.324
599.760	509.742
599.920	511.200
600.070	511.743
600.220	510.108
600.370	510.195
600.530	514.360
600.680	514.830
600.830	514.363
600.980	514.170
601.140	514.421
601.290	514.251
601.440	510.361
601.590	510.164
601.750	511.177
601.900	510.829
602.050	510.014
602.200	510.137
602.360	510.807
602.510	510.407
602.660	508.962
602.810	508.988
602.960	510.452
603.120	511.125
603.270	510.230
603.420	510.185
603.570	509.718
603.730	508.502
603.880	507.668
604.030	507.314
604.180	509.679
604.340	509.292
604.490	509.534
604.640	511.047
604.800	510.942
604.950	510.160
605.100	508.661
605.250	509.602
605.410	510.813
605.560	510.607
605.710	509.990
605.860	510.289
606.020	509.674
606.170	509.578
606.320	508.297
606.470	508.573
606.630	511.565
606.780	511.164
606.930	510.231
607.080	510.391
607.240	510.528
607.390	510.220
607.540	506.679
607.700	507.472
607.850	512.531
608.000	512.727
608.150	511.985
608.310	510.814
608.460	512.551
608.610	512.503
608.760	507.913
608.920	506.959
609.070	509.764
609.220	510.608
609.380	510.358
609.530	509.592
609.680	510.843
609.830	511.805
609.990	509.000
610.140	510.223
610.290	513.072
610.450	514.163
610.600	513.846
610.750	514.074
610.900	516.131
611.060	516.160
611.210	513.154
611.360	513.911
611.520	517.350
611.670	518.774
611.820	517.869
611.970	518.559
612.130	520.165
612.280	520.343
612.430	518.565
612.590	518.428
612.740	522.114
612.890	522.038
613.050	521.545
613.200	521.124
613.350	520.881
613.500	520.659
613.660	518.374
613.810	518.057
613.960	520.064
614.120	520.387
614.270	519.882
614.420	520.173
614.580	519.922
614.730	520.604
614.880	517.636
615.040	517.656
615.190	520.215
615.340	519.517
615.500	518.402
615.650	518.058
615.800	519.600
615.950	519.493
616.110	516.997
616.260	517.092
616.410	519.872
616.570	519.230
616.720	518.647
616.870	519.879
617.030	521.802
617.180	522.009
617.330	520.953
617.490	521.646
617.640	524.861
617.790	524.069
617.950	523.930
618.100	523.873
618.250	523.863
618.410	524.460
618.560	521.183
618.710	521.900
618.870	523.234
619.020	523.405
619.170	523.476
619.330	523.966
619.480	525.077
619.630	525.791
619.790	523.157
619.940	524.261
620.090	527.260
620.250	526.585
620.400	526.218
620.550	525.422
620.710	526.196
620.860	525.481
621.010	522.720
621.170	522.065
621.320	523.622
621.470	523.568
621.630	522.400
621.780	521.467
621.930	520.956
622.090	521.534
622.240	519.526
622.400	518.392
622.550	520.801
622.700	521.377
622.860	520.379
623.010	520.542
623.160	521.441
623.320	521.329
623.470	519.272
623.620	518.293
623.780	520.018
623.930	519.092
624.080	518.606
624.240	519.146
624.390	519.841
624.550	520.159
624.700	519.430
624.850	519.310
625.010	520.827
625.160	520.400
625.310	518.885
625.470	518.377
625.620	517.989
625.770	517.724
625.930	515.386
626.080	514.413
626.240	515.351
626.390	515.853
626.540	514.889
626.700	514.934
626.850	515.209
627.000	516.235
627.160	514.964
627.310	514.207
627.470	516.044
627.620	515.191
627.770	514.841
627.930	514.594
628.080	515.082
628.230	515.396
628.390	513.467
628.540	513.829
628.700	516.603
628.850	515.745
629.000	515.454
629.160	515.232
629.310	515.948
629.470	515.681
629.620	513.268
629.770	512.995
629.930	515.371
630.080	514.361
630.240	513.846
630.390	514.552
630.540	515.061
630.700	515.584
630.850	513.752
631.010	515.090
631.160	516.566
631.310	515.948
631.470	514.707
631.620	514.404
631.780	514.300
631.930	513.234
632.080	511.473
632.240	510.540
632.390	512.631
632.550	512.911
632.700	511.882
632.850	513.033
633.010	513.846
633.160	515.214
633.320	512.078
633.470	511.656
633.620	514.928
633.780	514.134
633.930	513.665
634.090	513.640
634.240	514.865
634.390	515.859
634.550	512.893
634.700	512.931
634.860	515.136
635.010	514.474
635.170	514.425
635.320	514.258
635.470	515.016
635.630	515.027
635.780	512.029
635.940	512.496
636.090	513.729
636.250	512.654
636.400	512.041
636.550	512.357
636.710	513.757
636.860	513.086
637.020	511.756
637.170	511.591
637.330	514.242
637.480	514.137
637.630	512.743
637.790	513.240
637.940	514.839
638.100	515.332
638.250	512.665
638.410	512.930
638.560	515.579
638.710	515.860
638.870	514.936
639.020	515.791
639.180	516.820
639.330	517.461
639.490	515.466
639.640	515.962
639.800	517.573
639.950	517.429
640.100	516.470
640.260	516.223
640.410	517.223
640.570	516.697
640.720	514.027
640.880	513.008
641.030	514.459
641.190	514.004
641.340	513.262
641.500	513.649
641.650	514.142
641.800	514.771
641.960	512.350
642.110	512.661
642.270	513.474
642.420	511.640
642.580	511.403
642.730	511.471
642.890	512.824
643.040	511.795
643.200	509.780
643.350	510.559
643.500	511.679
643.660	511.260
643.810	510.422
643.970	510.175
644.120	511.748
644.280	511.463
644.430	509.299
644.590	509.375
644.740	511.932
644.900	512.614
645.050	510.455
645.210	510.797
645.360	512.178
645.520	511.904
645.670	509.164
645.830	509.311
645.980	512.263
646.140	512.660
646.290	512.151
646.440	512.123
646.600	512.498
646.750	511.647
646.910	509.917
647.060	508.431
647.220	511.121
647.370	511.474
647.530	511.193
647.680	512.317
647.840	513.235
647.990	514.071
648.150	511.325
648.300	511.111
648.460	513.105
648.610	512.899
648.770	511.767
648.920	512.338
649.080	511.885
649.230	511.433
649.390	509.487
649.540	508.197
649.700	510.796
649.850	510.569
650.010	511.380
650.160	512.051
650.320	512.596
650.470	513.956
650.630	511.964
650.780	511.050
650.940	511.721
651.090	510.864
651.250	509.672
651.400	509.381
651.560	509.133
651.710	509.756
651.870	508.980
652.020	509.861
652.180	512.613
652.330	511.926
652.490	511.902
652.640	511.811
652.800	512.114
652.950	511.890
653.110	508.968
653.260	509.746
653.420	511.856
653.570	512.074
653.730	511.310
653.890	511.691
654.040	513.141
654.200	514.196
654.350	511.483
654.510	512.779
654.660	516.332
654.820	518.118
654.970	519.723
655.130	521.110
655.280	524.741
655.440	526.442
655.590	525.774
655.750	526.458
655.900	528.636
656.060	528.010
656.210	526.862
656.370	526.104
656.520	525.746
656.680	524.918
656.840	522.335
656.990	521.920
657.150	524.557
657.300	523.994
657.460	522.948
657.610	523.475
657.770	523.811
657.920	523.621
658.080	520.302
658.230	521.011
658.390	522.521
658.550	522.946
658.700	521.286
658.860	521.589
659.010	521.678
659.170	519.983
659.320	518.285
659.480	516.320
659.630	518.470
659.790	517.231
659.940	517.677
660.100	519.149
660.260	519.504
660.410	519.435
660.570	517.788
660.720	517.368
660.880	518.215
661.030	516.610
661.190	515.103
661.340	514.907
661.500	515.743
661.660	516.356
661.810	513.482
661.970	512.830
662.120	514.649
662.280	514.333
662.430	512.199
662.590	512.506
662.750	512.773
662.900	512.047
663.060	509.983
663.210	509.229
663.370	511.943
663.520	510.226
663.680	509.289
663.840	509.903
663.990	510.203
664.150	510.272
664.300	507.462
664.460	507.275
664.610	510.958
664.770	511.504
664.930	511.234
665.080	511.253
665.240	512.493
665.390	512.743
665.550	510.041
665.700	509.201
665.860	511.220
666.020	510.622
666.170	509.598
666.330	510.323
666.480	510.285
666.640	510.153
666.800	508.555
666.950	509.179
667.110	511.325
667.260	509.858
667.420	508.595
667.580	509.242
667.730	509.482
667.890	509.110
668.040	506.542
668.200	507.091
668.360	510.382
668.510	510.654
668.670	509.498
668.820	509.872
668.980	510.679
669.140	512.128
669.290	509.718
669.450	509.677
669.600	512.905
669.760	513.803
669.920	513.355
670.070	512.215
670.230	513.690
670.380	513.500
670.540	511.192
670.700	509.934
670.850	511.919
671.010	512.619
671.160	509.825
671.320	509.360
671.480	510.189
671.630	511.180
671.790	509.605
671.940	510.517
672.100	514.351
672.260	515.141
672.410	514.124
672.570	514.467
672.730	515.509
672.880	515.721
673.040	513.363
673.190	513.862
673.350	516.299
673.510	516.087
673.660	514.678
673.820	514.224
673.980	515.195
674.130	514.640
674.290	512.357
674.440	512.127
674.600	514.869
674.760	515.818
674.910	515.386
675.070	516.726
675.230	516.886
675.380	518.362
675.540	515.978
675.700	513.801
675.850	515.085
676.010	514.664
676.160	514.845
676.320	513.734
676.480	514.062
676.630	515.256
676.790	513.880
676.950	513.150
677.100	515.030
677.260	515.033
677.420	515.243
677.570	514.745
677.730	515.554
677.890	515.769
678.040	513.482
678.200	513.325
678.350	515.662
678.510	515.632
678.670	514.805
678.820	515.364
678.980	517.015
679.140	516.588
679.290	514.152
679.450	513.873
679.610	516.943
679.760	516.576
679.920	514.800
680.080	515.586
680.230	516.444
680.390	516.643
680.550	514.007
680.700	514.311
680.860	517.500
681.020	516.781
681.170	515.711
681.330	516.346
681.490	516.846
681.640	516.112
681.800	513.027
681.960	513.537
682.110	515.258
682.270	515.656
682.430	515.070
682.580	515.094
682.740	515.258
682.900	516.277
683.050	515.058
683.210	514.605
683.370	515.713
683.520	516.383
683.680	516.813
683.840	516.643
683.990	516.498
684.150	516.209
684.310	515.270
684.460	515.004
684.620	516.852
684.780	515.880
684.940	514.953
685.090	514.041
685.250	513.732
685.410	513.876
685.560	510.315
685.720	510.038
685.880	512.156
686.030	512.554
686.190	511.373
686.350	510.401
686.500	511.862
686.660	512.457
686.820	510.463
686.980	510.346
687.130	513.860
687.290	514.409
687.450	514.778
687.600	514.450
687.760	515.610
687.920	516.470
688.070	513.436
688.230	513.805
688.390	515.646
688.550	515.615
688.700	515.251
688.860	515.555
689.020	516.713
689.170	516.483
689.330	514.522
689.490	515.320
689.640	517.511
689.800	517.197
689.960	516.670
690.120	517.502
690.270	517.653
690.430	517.647
690.590	515.711
690.740	515.480
690.900	517.344
691.060	516.920
691.220	516.779
691.370	516.605
691.530	516.598
691.690	517.778
691.840	514.914
692.000	513.977
692.160	516.568
692.320	516.443
692.470	515.855
692.630	514.665
692.790	515.535
692.950	516.149
693.100	513.615
693.260	513.399
693.420	515.010
693.570	514.451
693.730	514.571
693.890	514.212
694.050	514.539
694.200	514.460
694.360	513.316
694.520	514.664
694.680	517.446
694.830	518.493
694.990	517.827
695.150	517.757
695.310	518.352
695.460	518.228
695.620	515.708
695.780	515.636
695.940	516.397
696.090	516.649
696.250	515.521
696.410	515.531
696.570	516.331
696.720	515.507
696.880	514.250
697.040	514.780
697.200	517.832
697.350	517.126
697.510	515.825
697.670	516.026
697.830	517.329
697.980	516.805
698.140	514.274
698.300	514.563
698.460	516.912
698.610	517.490
698.770	517.255
698.930	517.541
699.090	518.225
699.240	518.599
699.400	516.037
699.560	516.429
699.720	519.757
699.870	520.324
700.030	519.337
700.190	519.998
700.350	522.165
700.500	522.054
700.660	519.396
700.820	519.632
700.980	523.202
701.140	522.237
701.290	521.271
701.450	521.213
701.610	520.917
701.770	520.048
701.920	516.324
702.080	516.245
702.240	517.304
702.400	516.659
702.550	515.852
702.710	515.056
702.870	516.351
703.030	516.972
703.190	515.116
703.340	514.645
703.500	516.580
703.660	516.590
703.820	515.353
703.980	515.270
704.130	516.919
704.290	517.953
704.450	515.922
704.610	517.102
704.760	519.174
704.920	518.563
705.080	516.708
705.240	516.655
705.400	517.894
705.550	517.611
705.710	516.063
705.870	516.492
706.030	517.923
706.190	518.490
706.340	516.915
706.500	516.360
706.660	516.594
706.820	516.484
706.980	515.561
707.130	514.475
707.290	516.845
707.450	517.254
707.610	516.681
707.770	516.904
707.920	517.774
708.080	518.133
708.240	515.805
708.400	515.831
708.560	519.254
708.710	518.258
708.870	517.236
709.030	517.992
709.190	518.683
709.350	518.988
709.510	515.206
709.660	515.651
709.820	518.577
709.980	517.207
710.140	517.055
710.300	516.182
710.450	518.280
710.610	518.229
710.770	515.494
710.930	515.421
711.090	517.409
711.250	517.701
711.400	515.640
711.560	516.510
711.720	518.100
711.880	518.515
712.040	516.376
712.190	517.193
712.350	520.029
712.510	519.800
712.670	519.065
712.830	519.117
712.990	519.417
713.140	519.652
713.300	517.085
713.460	516.539
713.620	517.256
713.780	517.576
713.940	516.980
714.090	516.181
714.250	517.091
714.410	517.578
714.570	516.235
714.730	516.885
714.890	520.171
715.050	520.202
715.200	520.076
715.360	520.682
715.520	521.703
715.680	520.725
715.840	518.804
716.000	518.077
716.150	518.908
716.310	518.381
716.470	516.794
716.630	516.693
716.790	516.262
716.950	516.737
717.110	514.731
717.260	514.702
717.420	517.333
717.580	517.693
717.740	517.387
717.900	518.327
718.060	520.587
718.220	520.813
718.370	518.859
718.530	518.947
718.690	521.470
718.850	521.083
719.010	519.259
719.170	519.389
719.330	521.195
719.480	521.072
719.640	517.218
719.800	516.103
719.960	518.980
720.120	518.052
720.280	515.648
720.440	516.564
720.600	518.222
720.750	519.279
720.910	516.515
721.070	518.366
721.230	520.977
721.390	521.105
721.550	520.058
721.710	520.166
721.870	520.679
722.020	519.781
722.180	517.044
722.340	515.175
722.500	517.086
722.660	515.570
722.820	515.141
722.980	514.438
723.140	515.983
723.300	516.102
723.450	515.548
723.610	516.828
723.770	518.954
723.930	519.256
724.090	518.054
724.250	519.749
724.410	519.267
724.570	519.098
724.730	517.511
724.880	517.725
725.040	519.659
725.200	518.469
725.360	519.124
725.520	518.590
725.680	519.188
725.840	518.348
726.000	515.856
726.160	515.455
726.320	515.622
726.470	515.434
726.630	514.201
726.790	514.943
726.950	516.223
727.110	517.266
727.270	516.288
727.430	517.575
727.590	521.736
727.750	521.953
727.910	521.592
728.060	520.931
728.220	522.035
728.380	522.050
728.540	518.042
728.700	518.532
728.860	521.054
729.020	521.010
729.180	519.544
729.340	519.735
729.500	519.898
729.660	518.776
729.820	515.988
729.970	515.131
730.130	518.102
730.290	517.718
730.450	516.974
730.610	517.538
730.770	519.333
730.930	520.879
731.090	518.476
731.250	518.427
731.410	521.414
731.570	521.712
731.730	520.055
731.890	519.962
732.050	521.325
732.200	520.952
732.360	518.582
732.520	518.498
732.680	521.284
732.840	520.876
733.000	519.490
733.160	521.148
733.320	522.391
733.480	523.008
733.640	520.419
733.800	520.905
733.960	523.516
734.120	522.013
734.280	520.887
734.440	519.767
734.600	519.653
734.750	519.176
734.910	515.654
735.070	515.322
735.230	516.934
735.390	516.485
735.550	515.706
735.710	515.718
735.870	516.870
736.030	516.883
736.190	514.533
736.350	515.392
736.510	516.600
736.670	516.462
736.830	515.024
736.990	515.700
737.150	515.831
737.310	515.594
737.470	514.105
737.630	514.298
