209.920	519.833
210.050	524.219
210.180	524.844
210.310	525.288
210.430	525.668
210.560	529.569
210.690	529.390
210.820	528.478
210.950	528.263
211.080	528.797
211.210	529.500
211.340	526.475
211.470	526.928
211.600	528.733
211.730	528.939
211.860	528.271
211.990	528.259
212.120	528.303
212.250	527.564
212.380	525.440
212.510	525.694
212.640	528.169
212.770	527.597
212.890	527.433
213.020	528.376
213.150	529.306
213.280	530.616
213.410	527.139
213.540	526.906
213.670	528.731
213.800	528.491
213.930	527.471
214.060	525.940
214.190	526.195
214.320	526.412
214.450	524.637
214.580	524.469
214.710	527.550
214.840	527.878
214.970	527.950
215.100	527.871
215.230	528.147
215.360	527.827
215.490	524.325
215.620	524.347
215.750	526.356
215.880	526.318
216.010	525.979
216.140	526.748
216.270	528.068
216.400	528.006
216.530	526.329
216.660	526.439
216.790	528.399
216.920	526.786
217.050	526.205
217.180	526.005
217.310	526.385
217.440	526.607
217.570	524.463
217.700	524.706
217.820	524.824
217.950	524.408
218.080	523.701
218.210	523.246
218.340	522.789
218.470	522.770
218.600	521.965
218.730	521.725
218.860	523.881
218.990	523.403
219.120	523.595
219.250	523.943
219.380	523.941
219.510	524.351
219.640	521.876
219.770	522.810
219.900	525.238
220.030	524.110
220.160	524.780
220.290	524.665
220.420	525.191
220.550	524.817
220.680	522.169
220.810	523.584
220.940	525.993
221.070	525.823
221.200	525.508
221.340	525.516
221.470	525.720
221.600	525.278
221.730	522.222
221.860	522.995
221.990	524.339
222.120	524.141
222.250	523.707
222.380	523.000
222.510	523.044
222.640	522.303
222.770	520.191
222.900	521.395
223.030	524.476
223.160	525.937
223.290	526.200
223.420	526.709
223.550	528.702
223.680	527.266
223.810	524.356
223.940	524.003
224.070	525.258
224.200	524.462
224.330	522.404
224.460	522.417
224.590	522.431
224.720	521.561
224.850	519.407
224.980	519.320
225.110	522.367
225.240	523.317
225.370	523.661
225.500	523.834
225.630	524.736
225.760	524.729
225.890	521.762
226.020	520.193
226.150	520.141
226.290	520.133
226.420	520.078
226.550	520.546
226.680	521.163
226.810	521.287
226.940	520.882
227.070	521.114
227.200	523.372
227.330	523.165
227.460	523.275
227.590	524.174
227.720	525.245
227.850	525.612
227.980	523.670
228.110	524.452
228.240	525.905
228.370	525.899
228.500	525.413
228.630	525.931
228.770	526.573
228.900	525.847
229.030	524.733
229.160	524.654
229.290	526.676
229.420	526.326
229.550	525.767
229.680	526.278
229.810	526.618
229.940	526.533
230.070	524.766
230.200	524.124
230.330	525.511
230.460	524.887
230.590	523.602
230.720	524.390
230.860	524.192
230.990	524.871
231.120	523.476
231.250	523.794
231.380	525.920
231.510	524.705
231.640	524.161
231.770	522.969
231.900	522.995
232.030	522.977
232.160	522.246
232.290	522.595
232.420	524.826
232.560	526.067
232.690	526.301
232.820	525.649
232.950	524.822
233.080	524.642
233.210	523.144
233.340	523.114
233.470	525.288
233.600	526.519
233.730	526.246
233.860	526.928
234.000	528.009
234.130	528.817
234.260	526.311
234.390	526.010
234.520	526.525
234.650	526.634
234.780	525.091
234.910	523.625
235.040	524.080
235.170	523.723
235.300	523.896
235.440	523.638
235.570	526.506
235.700	526.477
235.830	526.158
235.960	526.498
236.090	526.425
236.220	525.860
236.350	522.783
236.480	523.002
236.620	525.515
236.750	524.990
236.880	524.250
237.010	524.613
237.140	525.543
237.270	525.719
237.400	522.447
237.530	523.097
237.660	525.984
237.800	526.526
237.930	525.016
238.060	525.170
238.190	526.563
238.320	526.651
238.450	524.239
238.580	524.122
238.710	526.277
238.840	526.686
238.980	525.952
239.110	525.889
239.240	526.066
239.370	525.879
239.500	524.516
239.630	523.755
239.760	525.128
239.890	523.731
240.030	523.564
240.160	523.418
240.290	523.645
240.420	523.326
240.550	521.417
240.680	522.752
240.810	524.305
240.950	523.959
241.080	523.214
241.210	524.313
241.340	524.804
241.470	524.136
241.600	521.721
241.730	521.090
241.870	524.242
242.000	522.472
242.130	521.696
242.260	522.429
242.390	523.194
242.520	524.312
242.650	521.300
242.790	522.976
242.920	524.028
243.050	523.919
243.180	523.358
243.310	524.498
243.440	525.889
243.570	524.727
243.710	524.772
243.840	526.058
243.970	529.513
244.100	528.651
244.230	527.866
244.360	528.415
244.500	528.982
244.630	528.039
244.760	525.596
244.890	524.781
245.020	526.865
245.150	526.242
245.280	525.666
245.420	525.877
245.550	526.157
245.680	528.155
245.810	525.836
245.940	527.208
246.070	530.403
246.210	529.787
246.340	528.817
246.470	528.123
246.600	529.140
246.730	528.852
246.860	526.493
247.000	527.239
247.130	529.468
247.260	529.236
247.390	529.362
247.520	529.218
247.660	528.038
247.790	527.611
247.920	526.006
248.050	525.831
248.180	526.837
248.310	526.475
248.450	527.187
248.580	527.630
248.710	527.405
248.840	526.240
248.970	524.140
249.110	524.037
249.240	525.577
249.370	523.700
249.500	522.845
249.630	523.691
249.770	524.150
249.900	524.024
250.030	520.483
250.160	521.281
250.290	524.093
250.420	524.266
250.560	524.123
250.690	525.531
250.820	527.863
250.950	528.752
251.080	526.840
251.220	527.155
251.350	527.795
251.480	526.919
251.610	525.942
251.740	525.368
251.880	526.144
252.010	525.961
252.140	524.921
252.270	524.903
252.400	526.854
252.540	527.080
252.670	526.375
252.800	526.830
252.930	528.095
253.070	528.258
253.200	526.749
253.330	527.073
253.460	529.537
253.590	528.283
253.730	528.245
253.860	528.390
253.990	528.712
254.120	528.188
254.250	526.183
254.390	527.202
254.520	529.316
254.650	529.155
254.780	528.668
254.920	529.084
255.050	529.929
255.180	529.423
255.310	526.914
255.440	526.747
255.580	528.691
255.710	528.446
255.840	527.038
255.970	527.221
256.110	527.704
256.240	527.382
256.370	525.517
256.500	525.015
256.640	527.413
256.770	527.357
256.900	526.080
257.030	525.771
257.170	526.258
257.300	526.507
257.430	524.125
257.560	523.167
257.690	526.257
257.830	526.656
257.960	525.492
258.090	526.182
258.220	526.896
258.360	527.407
258.490	524.648
258.620	524.957
258.750	527.826
258.890	527.758
259.020	527.436
259.150	528.111
259.280	527.881
259.420	528.637
259.550	525.393
259.680	525.487
259.810	526.765
259.950	526.424
260.080	526.491
260.210	526.078
260.340	526.786
260.480	527.077
260.610	526.469
260.740	526.382
260.870	529.963
261.010	529.989
261.140	531.262
261.270	532.597
261.410	533.717
261.540	534.330
261.670	531.981
261.800	533.408
261.940	536.376
262.070	535.110
262.200	534.028
262.330	535.091
262.470	535.956
262.600	534.706
262.730	530.463
262.860	530.722
263.000	532.176
263.130	531.211
263.260	529.098
263.400	529.643
263.530	531.050
263.660	530.862
263.790	529.351
263.930	528.464
264.060	530.388
264.190	529.256
264.330	527.929
264.460	527.453
264.590	527.272
264.720	528.036
264.860	526.604
264.990	527.772
265.120	529.449
265.260	530.058
265.390	529.574
265.520	529.633
265.650	529.999
265.790	529.319
265.920	527.308
266.050	526.976
266.190	528.985
266.320	528.681
266.450	527.679
266.580	527.812
266.720	529.448
266.850	529.146
266.980	527.006
267.120	526.517
267.250	529.203
267.380	529.456
267.520	527.875
267.650	527.705
267.780	528.342
267.910	529.307
268.050	527.190
268.180	526.956
268.310	528.200
268.450	528.381
268.580	528.340
268.710	527.897
268.850	528.098
268.980	527.865
269.110	527.789
269.250	527.963
269.380	530.292
269.510	530.282
269.640	530.354
269.780	530.244
269.910	530.767
270.040	530.813
270.180	527.678
270.310	527.760
270.440	529.760
270.580	529.771
270.710	529.235
270.840	529.100
270.980	530.757
271.110	530.411
271.240	527.707
271.380	527.601
271.510	529.643
271.640	529.520
271.780	528.607
271.910	529.153
272.040	530.502
272.180	530.766
272.310	528.086
272.440	529.110
272.580	530.411
272.710	530.570
272.840	529.531
272.980	529.828
273.110	531.096
273.240	529.594
273.380	527.293
273.510	526.995
273.640	529.464
273.780	528.295
273.910	527.185
274.040	527.421
274.180	528.015
274.310	527.216
274.440	523.721
274.580	523.478
274.710	524.414
274.840	523.904
274.980	522.739
275.110	522.287
275.240	522.947
275.380	522.763
275.510	520.731
275.650	521.179
275.780	524.392
275.910	524.628
276.050	523.954
276.180	524.399
276.310	525.714
276.450	525.181
276.580	522.989
276.710	523.758
276.850	525.476
276.980	526.711
277.110	525.156
277.250	526.026
277.380	526.693
277.520	526.597
277.650	526.271
277.780	527.268
277.920	534.632
278.050	538.396
278.180	542.897
278.320	548.797
278.450	556.117
278.580	561.885
278.720	564.008
278.850	568.464
278.990	572.807
279.120	574.762
279.250	574.139
279.390	573.835
279.520	573.455
279.650	572.727
279.790	570.756
279.920	570.128
280.060	573.427
280.190	574.981
280.320	574.693
280.460	575.190
280.590	576.856
280.730	577.795
280.860	574.674
280.990	574.928
281.130	576.704
281.260	576.623
281.390	576.230
281.530	577.742
281.660	579.366
281.800	581.042
281.930	580.482
282.060	583.324
282.200	586.932
282.330	588.386
282.470	588.942
282.600	589.388
282.730	591.943
282.870	594.072
283.000	592.921
283.140	594.915
283.270	600.867
283.400	603.811
283.540	611.299
283.670	635.801
283.810	679.908
283.940	724.644
284.070	766.806
284.210	808.923
284.340	845.080
284.480	862.851
284.610	862.273
284.740	857.567
284.880	848.100
285.010	837.852
285.150	826.158
285.280	811.159
285.410	795.003
285.550	775.307
285.680	756.925
285.820	736.832
285.950	717.930
286.090	698.145
286.220	677.649
286.350	658.916
286.490	645.888
286.620	631.730
286.760	619.148
286.890	610.239
287.020	604.302
287.160	600.137
287.290	593.905
287.430	591.103
287.560	590.208
287.700	586.169
287.830	583.284
287.960	581.079
288.100	580.658
288.230	579.573
288.370	576.787
288.500	578.316
288.640	580.510
288.770	581.531
288.900	579.911
289.040	580.723
289.170	582.181
289.310	582.160
289.440	579.955
289.580	579.094
289.710	582.383
289.850	582.807
289.980	581.282
290.110	579.629
290.250	578.236
290.380	577.440
290.520	573.336
290.650	572.620
290.790	574.424
290.920	574.278
291.060	573.300
291.190	571.687
291.320	570.492
291.460	569.971
291.590	566.521
291.730	565.779
291.860	566.632
292.000	566.009
292.130	564.701
292.270	562.240
292.400	561.787
292.540	561.161
292.670	558.491
292.800	558.462
292.940	561.040
293.070	561.631
293.210	560.926
293.340	560.177
293.480	560.621
293.610	561.118
293.750	558.834
293.880	559.398
294.020	559.950
294.150	560.893
294.290	560.817
294.420	560.817
294.550	562.025
294.690	561.100
294.820	560.514
294.960	560.352
295.090	563.274
295.230	563.060
295.360	561.318
295.500	561.065
295.630	561.025
295.770	560.549
295.900	557.247
296.040	556.628
296.170	558.419
296.310	557.606
296.440	556.977
296.580	556.771
296.710	556.182
296.850	555.405
296.980	553.422
297.120	551.951
297.250	553.248
297.380	552.946
297.520	551.643
297.650	551.246
297.790	551.412
297.920	552.036
298.060	548.962
298.190	546.327
298.330	548.253
298.460	548.036
298.600	545.556
298.730	544.258
298.870	544.066
299.000	545.170
299.140	542.662
299.270	541.801
299.410	544.696
299.540	545.727
299.680	546.369
299.810	546.105
299.950	547.282
300.080	548.116
300.220	546.909
300.350	547.089
300.490	548.209
300.620	547.419
300.760	546.349
300.890	546.007
301.030	545.252
301.160	545.421
301.300	543.986
301.430	544.456
301.570	547.429
301.700	548.013
301.840	547.819
301.980	548.318
302.110	549.403
302.250	550.208
302.380	548.924
302.520	548.607
302.650	550.887
302.790	551.257
302.920	551.453
303.060	552.612
303.190	553.347
303.330	554.005
303.460	553.752
303.600	554.943
303.730	558.787
303.870	559.730
304.000	560.974
304.140	564.981
304.270	568.801
304.410	571.989
304.540	572.380
304.680	577.793
304.820	584.958
304.950	588.911
305.090	594.339
305.220	608.498
305.360	641.045
305.490	693.241
305.630	758.440
305.760	841.879
305.900	945.300
306.030	1046.691
306.170	1133.768
306.300	1195.943
306.440	1242.407
306.570	1269.592
306.710	1272.464
306.850	1270.852
306.980	1272.733
307.120	1281.041
307.250	1292.744
307.390	1311.576
307.520	1334.431
307.660	1357.002
307.790	1376.072
307.930	1403.011
308.070	1449.799
308.200	1506.856
308.340	1563.731
308.470	1621.088
308.610	1685.262
308.740	1737.822
308.880	1770.224
309.010	1789.848
309.150	1811.459
309.290	1832.029
309.420	1841.789
309.560	1839.032
309.690	1840.069
309.830	1837.434
309.960	1823.932
310.100	1795.078
310.230	1769.986
310.370	1753.273
310.510	1723.446
310.640	1686.474
310.780	1649.032
310.910	1625.655
311.050	1593.825
311.180	1556.330
311.320	1526.102
311.460	1506.513
311.590	1493.730
311.730	1470.509
311.860	1447.671
312.000	1437.139
312.130	1423.233
312.270	1398.735
312.410	1368.517
312.540	1345.245
312.680	1327.497
312.810	1304.239
312.950	1282.603
313.090	1262.973
313.220	1249.560
313.360	1235.852
313.490	1220.375
313.630	1205.624
313.760	1191.298
313.900	1182.746
314.040	1174.009
314.170	1167.187
314.310	1160.415
314.440	1156.605
314.580	1150.042
314.720	1141.951
314.850	1133.164
314.990	1126.389
315.120	1117.705
315.260	1104.923
315.400	1091.139
315.530	1077.656
315.670	1063.183
315.800	1044.619
315.940	1027.720
316.080	1009.992
316.210	996.034
316.350	978.495
316.480	957.751
316.620	943.090
316.760	929.033
316.890	912.800
317.030	894.415
317.160	878.954
317.300	867.636
317.440	852.376
317.570	835.926
317.710	826.082
317.840	820.207
317.980	812.084
318.120	803.334
318.250	794.312
318.390	787.565
318.520	780.682
318.660	771.671
318.800	765.997
318.930	761.048
319.070	753.969
319.210	746.297
319.340	738.498
319.480	733.028
319.610	726.431
319.750	719.402
319.890	714.232
320.020	708.454
320.160	702.250
320.300	694.061
320.430	690.618
320.570	687.165
320.700	684.868
320.840	682.387
320.980	678.282
321.110	676.184
321.250	669.908
321.390	665.866
321.520	662.357
321.660	660.600
321.790	658.574
321.930	654.200
322.070	650.382
322.200	648.001
322.340	644.123
322.480	639.098
322.610	636.191
322.750	634.527
322.890	633.186
323.020	628.493
323.160	624.754
323.300	624.277
323.430	620.112
323.570	616.957
323.700	615.854
323.840	621.605
323.980	639.410
324.110	663.131
324.250	689.696
324.390	709.209
324.520	724.105
324.660	731.977
324.800	728.547
324.930	713.758
325.070	698.400
325.210	687.953
325.340	678.476
325.480	670.258
325.620	660.413
325.750	652.482
325.890	645.053
326.030	637.798
326.160	630.946
326.300	623.799
326.440	617.507
326.570	617.691
326.710	624.904
326.850	635.622
326.980	644.511
327.120	650.531
327.260	656.978
327.390	654.686
327.530	646.266
327.670	635.788
327.800	626.468
327.940	619.662
328.080	612.570
328.210	607.696
328.350	601.499
328.490	594.390
328.620	590.293
328.760	587.013
328.900	582.354
329.030	577.232
329.170	574.189
329.310	569.753
329.440	565.386
329.580	560.674
329.720	557.730
329.850	559.512
329.990	556.932
330.130	556.285
330.260	554.812
330.400	554.643
330.540	554.599
330.680	550.125
330.810	548.742
330.950	549.311
331.090	548.656
331.220	547.776
331.360	546.637
331.500	547.257
331.630	546.940
331.770	544.970
331.910	545.134
332.040	547.485
332.180	547.553
332.320	546.462
332.460	547.382
332.590	548.174
332.730	548.414
332.870	546.244
333.000	547.062
333.140	549.243
333.280	549.349
333.410	548.428
333.550	548.593
333.690	548.452
333.830	548.388
333.960	546.201
334.100	547.215
334.240	550.104
334.370	550.969
334.510	553.089
334.650	554.371
334.790	557.377
334.920	558.465
335.060	557.670
335.200	559.134
335.330	561.874
335.470	564.956
335.610	566.754
335.750	569.763
335.880	574.107
336.020	577.960
336.160	578.222
336.300	580.455
336.430	586.310
336.570	589.014
336.710	588.924
336.840	587.384
336.980	586.399
337.120	583.257
337.260	576.498
337.390	570.197
337.530	567.185
337.670	563.194
337.810	559.730
337.940	556.446
338.080	553.114
338.220	551.106
338.350	546.535
338.490	545.166
338.630	544.861
338.770	542.526
338.900	540.927
339.040	539.120
339.180	540.318
339.320	539.086
339.450	535.689
339.590	534.713
339.730	535.330
339.870	533.776
340.000	531.599
340.140	530.455
340.280	530.679
340.420	530.422
340.550	528.094
340.690	528.914
340.830	532.015
340.970	532.593
341.100	533.103
341.240	534.774
341.380	536.200
341.520	537.062
341.650	533.612
341.790	533.168
341.930	535.002
342.070	532.595
342.200	531.676
342.340	531.414
342.480	531.750
342.620	532.694
342.750	531.012
342.890	533.195
343.030	535.815
343.170	535.770
343.300	536.226
343.440	536.174
343.580	536.471
343.720	534.605
343.860	532.059
343.990	532.249
344.130	534.060
344.270	533.358
344.410	532.094
344.540	532.765
344.680	532.321
344.820	532.445
344.960	529.644
345.090	529.434
345.230	532.846
345.370	533.081
345.510	534.177
345.650	534.898
345.780	537.721
345.920	538.875
346.060	536.205
346.200	536.889
346.340	537.981
346.470	537.279
346.610	535.739
346.750	535.599
346.890	536.344
347.020	536.931
347.160	535.990
347.300	536.409
347.440	539.489
347.580	539.297
347.710	539.092
347.850	539.171
347.990	539.542
348.130	540.317
348.270	536.874
348.400	537.191
348.540	538.763
348.680	538.762
348.820	538.683
348.960	537.870
349.090	539.252
349.230	540.112
349.370	539.107
349.510	540.384
349.650	543.202
349.780	543.878
349.920	543.162
350.060	542.676
350.200	542.609
350.340	541.166
350.470	538.263
350.610	537.880
350.750	540.318
350.890	540.821
351.030	541.241
351.160	542.766
351.300	543.702
351.440	544.904
351.580	542.967
351.720	543.544
351.860	546.226
351.990	546.331
352.130	547.688
352.270	549.278
352.410	550.897
352.550	551.938
352.680	550.494
352.820	551.027
352.960	553.349
353.100	553.573
353.240	553.935
353.380	553.516
353.510	552.909
353.650	552.171
353.790	548.300
353.930	547.157
354.070	547.469
354.210	546.628
354.340	546.311
354.480	546.188
354.620	546.750
354.760	546.259
354.900	544.403
355.040	544.519
355.170	544.529
355.310	544.087
355.450	543.236
355.590	542.370
355.730	542.877
355.870	542.854
356.000	543.693
356.140	544.712
356.280	548.255
356.420	550.290
356.560	550.964
356.700	553.710
356.830	555.794
356.970	557.447
357.110	557.864
357.250	558.225
357.390	561.049
357.530	558.807
357.670	556.536
357.800	554.916
357.940	551.412
358.080	547.993
358.220	543.451
358.360	541.719
358.500	542.163
358.640	539.231
358.770	537.887
358.910	537.096
359.050	535.872
359.190	534.186
359.330	529.716
359.470	528.705
359.610	528.907
359.740	528.181
359.880	526.845
360.020	526.023
360.160	527.324
360.300	527.516
360.440	525.963
360.580	525.697
360.710	527.138
360.850	527.649
360.990	526.333
361.130	526.907
361.270	526.930
361.410	528.369
361.550	527.381
361.690	528.502
361.820	530.590
361.960	529.597
362.100	528.422
362.240	527.317
362.380	527.703
362.520	527.212
362.660	523.905
362.800	523.905
362.940	526.731
363.070	526.469
363.210	524.820
363.350	524.712
363.490	526.403
363.630	526.067
363.770	523.934
363.910	523.985
364.050	526.446
364.180	525.476
364.320	524.519
364.460	524.887
364.600	524.637
364.740	524.660
364.880	522.053
365.020	522.351
365.160	525.735
365.300	526.776
365.440	527.307
365.570	527.202
365.710	529.670
365.850	530.545
365.990	527.154
366.130	526.671
366.270	529.077
366.410	529.329
366.550	528.280
366.690	527.955
366.830	528.874
366.960	528.101
367.100	525.985
367.240	526.236
367.380	528.996
367.520	529.345
367.660	529.569
367.800	530.148
367.940	529.981
368.080	531.067
368.220	528.856
368.360	528.038
368.490	529.499
368.630	529.240
368.770	529.518
368.910	528.286
369.050	528.044
369.190	529.108
369.330	527.536
369.470	528.590
369.610	529.679
369.750	530.142
369.890	530.196
370.030	529.658
370.170	529.806
370.300	529.507
370.440	528.346
370.580	528.374
370.720	530.108
370.860	530.531
371.000	530.933
371.140	530.863
371.280	530.355
371.420	530.154
371.560	528.331
371.700	528.376
371.840	529.798
371.980	529.638
372.120	529.709
372.260	529.986
372.390	530.773
372.530	531.309
372.670	530.301
372.810	530.880
372.950	533.114
373.090	532.507
373.230	532.928
373.370	532.603
373.510	533.221
373.650	531.943
373.790	531.237
373.930	532.176
374.070	534.525
374.210	533.691
374.350	533.307
374.490	535.476
374.630	535.707
374.770	536.810
374.910	534.135
375.040	535.803
375.180	538.366
375.320	538.002
375.460	537.520
375.600	536.421
375.740	536.337
375.880	535.277
376.020	531.132
376.160	530.135
376.300	532.582
376.440	532.215
376.580	531.867
376.720	531.612
376.860	532.301
377.000	531.916
377.140	528.365
377.280	528.196
377.420	529.808
377.560	529.872
377.700	529.532
377.840	531.070
377.980	532.007
378.120	532.281
378.260	530.015
378.400	530.828
378.540	533.564
378.680	532.336
378.820	532.638
378.960	533.516
379.100	535.053
379.230	534.655
379.370	532.436
379.510	532.909
379.650	534.879
379.790	534.258
379.930	534.094
380.070	533.852
380.210	534.663
380.350	535.531
380.490	532.654
380.630	532.572
380.770	534.025
380.910	534.495
381.050	533.998
381.190	532.713
381.330	533.264
381.470	532.009
381.610	529.125
381.750	527.964
381.890	527.461
382.030	527.284
382.170	526.613
382.310	527.086
382.450	528.219
382.590	528.569
382.730	529.643
382.870	530.539
383.010	533.805
383.150	534.143
383.290	534.527
383.430	536.505
383.570	536.584
383.710	536.379
383.850	533.667
383.990	534.460
384.130	535.681
384.270	534.525
384.410	533.237
384.550	533.097
384.690	532.791
384.830	532.185
384.970	529.585
385.110	528.781
385.250	531.813
385.390	530.550
385.530	530.865
385.670	530.709
385.810	531.556
385.950	531.536
386.090	528.820
386.240	529.071
386.380	530.054
386.520	530.449
386.660	528.630
386.800	528.584
386.940	527.808
387.080	528.075
387.220	526.259
387.360	525.105
387.500	528.021
387.640	527.897
387.780	527.805
387.920	527.117
388.060	527.677
388.200	527.474
388.340	525.397
388.480	524.870
388.620	526.649
388.760	526.570
388.900	526.233
389.040	526.474
389.180	527.381
389.320	528.628
389.460	527.581
389.600	528.800
389.740	531.415
389.880	532.219
390.020	531.204
390.160	530.611
390.300	531.959
390.450	531.873
390.590	529.933
390.730	529.135
390.870	530.910
391.010	530.546
391.150	528.236
391.290	527.969
391.430	527.945
391.570	528.364
391.710	526.469
391.850	526.062
391.990	529.019
392.130	528.487
392.270	527.737
392.410	527.261
392.550	527.761
392.690	528.697
392.830	526.458
392.970	526.938
393.120	530.247
393.260	531.382
393.400	531.593
393.540	531.938
393.680	532.909
393.820	532.670
393.960	530.890
394.100	531.218
394.240	533.211
394.380	532.845
394.520	532.030
394.660	532.690
394.800	532.200
394.940	530.571
395.080	528.812
395.230	528.991
395.370	529.942
395.510	529.747
395.650	528.878
395.790	529.688
395.930	528.941
396.070	528.700
396.210	527.750
396.350	527.896
396.490	530.643
396.630	530.512
396.770	530.582
396.920	530.571
397.060	530.455
397.200	530.260
397.340	527.744
397.480	528.083
397.620	530.392
397.760	530.858
397.900	530.431
398.040	530.192
398.180	530.750
398.320	530.466
398.460	528.036
398.610	527.098
398.750	529.049
398.890	528.800
399.030	527.468
399.170	527.350
399.310	528.251
399.450	528.174
399.590	526.213
399.730	527.069
399.870	529.178
400.020	528.944
400.160	528.262
400.300	528.815
400.440	529.252
400.580	528.414
400.720	525.908
400.860	525.605
401.000	527.208
401.140	525.890
401.290	525.929
401.430	525.095
401.570	527.348
401.710	527.379
401.850	524.822
401.990	525.561
402.130	527.464
402.270	527.234
402.410	525.605
402.560	526.890
402.700	529.323
402.840	530.474
402.980	529.175
403.120	531.515
403.260	535.607
403.400	535.372
403.540	534.295
403.690	534.606
403.830	535.900
403.970	536.307
404.110	533.362
404.250	533.052
404.390	535.548
404.530	535.370
404.670	533.367
404.820	531.909
404.960	531.586
405.100	531.235
405.240	528.397
405.380	527.227
405.520	529.723
405.660	529.379
405.800	528.960
405.950	528.344
406.090	528.794
406.230	528.582
406.370	526.224
406.510	526.918
406.650	528.251
406.790	528.824
406.940	528.082
407.080	528.309
407.220	528.108
407.360	527.652
407.500	525.370
407.640	525.220
407.780	527.060
407.930	527.455
408.070	527.160
408.210	527.624
408.350	529.493
408.490	529.536
408.630	527.133
408.770	526.741
408.920	527.748
409.060	526.532
409.200	524.663
409.340	523.983
409.480	524.879
409.620	524.946
409.770	524.273
409.910	525.194
410.050	527.673
410.190	528.562
410.330	528.479
410.470	528.644
410.620	528.738
410.760	527.764
410.900	525.878
411.040	525.340
411.180	526.391
411.320	525.476
411.470	524.028
411.610	524.006
411.750	523.872
411.890	524.004
412.030	522.921
412.170	523.485
412.320	526.350
412.460	527.635
412.600	527.830
412.740	527.926
412.880	528.330
413.020	527.680
413.170	525.751
413.310	525.352
413.450	526.781
413.590	526.556
413.730	524.749
413.880	524.652
414.020	524.859
414.160	523.311
414.300	521.889
414.440	521.585
414.580	523.761
414.730	523.229
414.870	522.069
415.010	523.437
415.150	523.223
415.290	523.124
415.440	521.610
415.580	522.195
415.720	524.539
415.860	523.842
416.000	523.473
416.150	523.548
416.290	523.587
416.430	523.511
416.570	521.152
416.710	521.056
416.860	523.288
417.000	523.371
417.140	522.770
417.280	523.181
417.420	523.987
417.570	524.531
417.710	521.605
417.850	521.873
417.990	523.405
418.130	523.116
418.280	522.228
418.420	522.381
418.560	522.929
418.700	522.968
418.840	521.739
418.990	522.857
419.130	525.789
419.270	525.475
419.410	526.701
419.560	527.518
419.700	528.814
419.840	528.450
419.980	526.591
420.120	527.108
420.270	528.905
420.410	528.168
420.550	527.373
420.690	527.084
420.840	527.413
420.980	526.922
421.120	523.552
421.260	522.364
421.400	524.261
421.550	524.266
421.690	523.929
421.830	524.117
421.970	525.747
422.120	528.377
422.260	527.540
422.400	528.881
422.540	531.892
422.690	533.070
422.830	533.582
422.970	533.361
423.110	533.475
423.250	533.990
423.400	531.873
423.540	531.916
423.680	533.375
423.820	533.325
423.970	531.873
424.110	530.683
424.250	530.839
424.390	530.756
424.540	527.596
424.680	526.839
424.820	528.781
424.960	528.073
425.110	526.484
425.250	525.174
425.390	524.750
425.530	523.916
425.680	521.011
425.820	521.163
425.960	523.967
426.100	524.126
426.250	524.805
426.390	524.248
426.530	525.479
426.670	524.905
426.820	522.207
426.960	520.904
427.100	521.556
427.240	521.550
427.390	520.838
427.530	521.487
427.670	521.567
427.820	521.868
427.960	521.159
428.100	521.437
428.240	523.588
428.390	522.815
428.530	522.188
428.670	523.544
428.810	524.480
428.960	525.431
429.100	523.843
429.240	524.042
429.380	526.836
429.530	526.570
429.670	526.143
429.810	526.391
429.960	526.964
430.100	526.845
430.240	525.558
430.380	526.130
430.530	527.952
430.670	526.811
430.810	526.882
430.960	527.515
431.100	527.160
431.240	525.618
431.380	523.195
431.530	523.118
431.670	524.777
431.810	524.641
431.960	523.797
432.100	525.071
432.240	524.672
432.380	524.095
432.530	520.866
432.670	520.277
432.810	523.717
432.960	522.389
433.100	522.105
433.240	523.994
433.380	524.442
433.530	525.039
433.670	521.252
433.810	521.841
433.960	524.887
434.100	524.128
434.240	523.759
434.390	524.091
434.530	525.800
434.670	526.766
434.810	523.924
434.960	523.648
435.100	527.003
435.240	526.200
435.390	524.272
435.530	523.700
435.670	524.939
435.820	524.697
435.960	521.721
436.100	521.979
436.250	523.658
436.390	522.925
436.530	521.635
436.680	520.943
436.820	521.260
436.960	520.335
437.100	518.121
437.250	518.618
437.390	520.567
437.530	521.565
437.680	521.257
437.820	521.658
437.960	523.347
438.110	523.330
438.250	521.654
438.390	521.348
438.540	523.596
438.680	523.664
438.820	522.796
438.970	524.319
439.110	525.423
439.250	526.820
439.400	524.279
439.540	524.681
439.680	527.471
439.830	526.132
439.970	524.983
440.110	523.345
440.260	525.413
440.400	524.891
440.540	522.669
440.690	523.037
440.830	523.641
440.970	524.653
441.120	522.208
441.260	522.747
441.400	523.134
441.550	522.100
441.690	521.594
441.830	521.259
441.980	523.717
442.120	523.597
442.260	522.519
442.410	523.214
442.550	524.624
442.690	524.450
442.840	522.267
442.980	522.327
443.130	524.775
443.270	523.563
443.410	521.661
443.560	521.299
443.700	522.298
443.840	522.564
443.990	519.382
444.130	519.406
444.270	521.453
444.420	521.265
444.560	520.289
444.700	519.750
444.850	521.146
444.990	521.049
445.140	518.440
445.280	518.626
445.420	519.033
445.570	518.396
445.710	517.830
445.850	518.773
446.000	519.269
446.140	519.135
446.290	518.336
446.430	519.230
446.570	522.584
446.720	522.096
446.860	522.453
447.000	522.617
447.150	523.757
447.290	524.005
447.440	520.086
447.580	519.853
447.720	522.043
447.870	522.167
448.010	521.325
448.150	521.443
448.300	522.236
448.440	522.168
448.590	519.036
448.730	518.749
448.870	522.060
449.020	521.781
449.160	522.044
449.300	522.382
449.450	523.776
449.590	523.770
449.740	520.491
449.880	520.018
450.020	521.150
450.170	520.549
450.310	519.445
450.460	519.632
450.600	519.416
450.740	518.582
450.890	515.820
451.030	516.158
451.180	518.582
451.320	517.801
451.460	518.184
451.610	519.422
451.750	520.900
451.900	521.015
452.040	518.487
452.180	518.422
452.330	518.744
452.470	518.526
452.620	517.523
452.760	517.358
452.900	517.882
453.050	517.550
453.190	516.461
453.340	515.375
453.480	517.665
453.630	517.478
453.770	516.217
453.910	516.784
454.060	517.470
454.200	516.879
454.350	513.970
454.490	513.168
454.630	514.574
454.780	513.970
454.920	512.416
455.070	513.247
455.210	514.840
455.360	515.123
455.500	514.767
455.640	514.699
455.790	518.357
455.930	518.770
456.080	517.730
456.220	518.050
456.370	519.144
456.510	520.094
456.650	516.334
456.800	516.416
456.940	519.702
457.090	519.823
457.230	517.762
457.380	518.413
457.520	521.171
457.660	521.384
457.810	518.936
457.950	519.499
458.100	523.126
458.240	522.870
458.390	522.003
458.530	521.823
458.680	522.629
458.820	521.904
458.960	519.757
459.110	519.392
459.250	520.504
459.400	521.086
459.540	518.782
459.690	519.319
459.830	520.039
459.980	520.279
460.120	520.017
460.260	519.921
460.410	524.669
460.550	525.581
460.700	525.323
460.840	525.792
460.990	525.642
461.130	525.831
461.280	522.656
461.420	522.273
461.570	523.452
461.710	522.292
461.850	521.687
462.000	520.359
462.140	520.961
462.290	520.480
462.430	518.944
462.580	519.742
462.720	521.341
462.870	522.478
463.010	521.558
463.160	522.105
463.300	522.740
463.450	522.606
463.590	521.174
463.740	521.041
463.880	522.572
464.020	521.863
464.170	520.263
464.310	519.940
464.460	520.128
464.600	520.498
464.750	518.844
464.890	519.173
465.040	521.930
465.180	521.580
465.330	521.127
465.470	521.019
465.620	522.180
465.760	522.400
465.910	520.576
466.050	521.659
466.200	523.745
466.340	523.017
466.490	522.728
466.630	522.906
466.780	523.638
466.920	523.753
467.070	522.041
467.210	522.579
467.360	524.347
467.500	524.117
467.650	523.275
467.790	522.451
467.940	522.868
468.080	522.577
468.230	519.879
468.370	519.667
468.520	521.401
468.660	521.548
468.810	520.247
468.950	520.315
469.100	520.524
469.240	520.521
469.390	517.840
469.530	517.529
469.680	520.817
469.820	520.069
469.970	519.916
470.110	518.326
470.260	518.538
470.400	517.798
470.550	514.524
470.690	513.486
470.840	515.352
470.980	516.555
471.130	517.352
471.270	516.731
471.420	517.493
471.560	518.608
471.710	516.607
471.850	516.425
472.000	518.333
472.140	520.051
472.290	519.587
472.430	519.641
472.580	519.936
472.720	520.505
472.870	517.879
473.010	518.458
473.160	519.460
473.300	520.243
473.450	521.132
473.590	520.576
473.740	521.396
473.890	521.743
474.030	520.910
474.180	520.617
474.320	522.088
474.470	522.817
474.610	522.661
474.760	522.727
474.900	523.520
475.050	523.414
475.190	520.691
475.340	520.828
475.480	522.696
475.630	521.753
475.770	520.509
475.920	520.025
476.070	520.566
476.210	520.189
476.360	518.325
476.500	517.331
476.650	520.202
476.790	522.000
476.940	521.578
477.080	521.569
477.230	522.063
477.370	523.626
477.520	521.577
477.670	522.067
477.810	524.412
477.960	524.750
478.100	524.212
478.250	523.722
478.390	523.731
478.540	521.748
478.680	519.184
478.830	518.476
478.980	520.021
479.120	520.127
479.270	519.632
479.410	519.482
479.560	519.657
479.700	520.032
479.850	518.277
479.990	517.435
480.140	519.346
480.290	519.299
480.430	519.425
480.580	519.607
480.720	519.797
480.870	521.125
481.010	519.545
481.160	520.647
481.310	521.455
481.450	521.565
481.600	521.583
481.740	520.963
481.890	521.679
482.030	520.590
482.180	519.452
482.330	519.754
482.470	520.879
482.620	521.022
482.760	518.680
482.910	518.389
483.060	519.579
483.200	519.260
483.350	517.385
483.490	517.817
483.640	521.259
483.780	521.937
483.930	521.886
484.080	522.160
484.220	522.650
484.370	522.917
484.510	520.706
484.660	521.266
484.810	523.828
484.950	523.709
485.100	525.172
485.240	524.870
485.390	526.275
485.540	527.060
485.680	525.015
485.830	525.204
485.970	526.997
486.120	526.827
486.270	525.353
486.410	525.327
486.560	525.715
486.700	526.461
486.850	523.768
487.000	523.780
487.140	526.065
487.290	525.558
487.430	523.932
487.580	523.100
487.730	523.041
487.870	522.577
488.020	520.246
488.160	519.427
488.310	521.268
488.460	520.863
488.600	520.452
488.750	520.347
488.890	520.516
489.040	519.769
489.190	517.768
489.330	516.766
489.480	518.528
489.630	517.900
489.770	516.979
489.920	517.573
490.060	518.142
490.210	518.897
490.360	516.377
490.500	517.602
490.650	521.015
490.790	521.148
490.940	520.614
491.090	520.275
491.230	521.819
491.380	521.598
491.530	518.721
491.670	518.738
491.820	519.763
491.970	520.502
492.110	519.418
492.260	518.964
492.400	520.026
492.550	519.989
492.700	518.608
492.840	517.557
492.990	520.310
493.140	520.195
493.280	519.492
493.430	519.825
493.580	520.855
493.720	521.191
493.870	518.280
494.010	518.071
494.160	521.419
494.310	521.130
494.450	520.289
494.600	520.210
494.750	520.793
494.890	521.031
495.040	518.503
495.190	518.707
495.330	522.163
495.480	523.129
495.630	522.812
495.770	523.517
495.920	523.862
496.070	524.444
496.210	520.780
496.360	520.556
496.510	521.573
496.650	520.616
496.800	518.295
496.940	516.922
497.090	517.154
497.240	516.499
497.380	514.851
497.530	514.411
497.680	517.639
497.820	517.584
497.970	517.042
498.120	517.526
498.260	518.343
498.410	518.768
498.560	516.042
498.700	515.846
498.850	518.144
499.000	517.563
499.140	517.740
499.290	517.696
499.440	518.632
499.590	519.766
499.730	517.864
499.880	518.161
500.030	519.360
500.170	519.939
500.320	520.446
500.470	520.483
500.610	521.383
500.760	521.206
500.910	519.638
501.050	519.821
501.200	519.396
501.350	518.517
501.490	517.475
501.640	517.446
501.790	517.709
501.930	516.652
502.080	515.515
502.230	516.391
502.370	518.743
502.520	519.122
502.670	519.334
502.820	521.084
502.960	522.445
503.110	522.841
503.260	521.527
503.400	521.338
503.550	523.511
503.700	522.329
503.840	521.489
503.990	521.054
504.140	521.458
504.290	522.315
504.430	519.687
504.580	519.881
504.730	522.335
504.870	522.073
505.020	521.342
505.170	520.779
505.310	521.662
505.460	521.655
505.610	518.812
505.760	519.025
505.900	520.427
506.050	519.797
506.200	518.477
506.340	518.779
506.490	519.766
506.640	519.692
506.790	517.157
506.930	517.378
507.080	520.015
507.230	519.735
507.370	518.587
507.520	518.646
507.670	519.869
507.820	521.107
507.960	518.965
508.110	518.265
508.260	522.468
508.400	521.968
508.550	521.447
508.700	520.024
508.850	520.988
508.990	522.419
509.140	518.666
509.290	519.240
509.440	521.447
509.580	521.085
509.730	520.024
509.880	519.238
510.030	520.965
510.170	520.911
510.320	518.907
510.470	519.925
510.610	520.647
510.760	520.152
510.910	517.957
511.060	517.192
511.200	517.832
511.350	516.866
511.500	515.470
511.650	515.215
511.790	517.950
511.940	517.331
512.090	516.054
512.240	515.671
512.380	516.657
512.530	517.727
512.680	514.833
512.830	515.444
512.970	518.697
513.120	519.678
513.270	519.169
513.420	518.904
513.560	520.744
513.710	521.961
513.860	519.352
514.010	519.455
514.150	522.700
514.300	523.097
514.450	521.747
514.600	520.932
514.740	521.683
514.890	521.395
515.040	517.220
515.190	517.238
515.330	519.154
515.480	518.599
515.630	518.443
515.780	518.836
515.930	521.944
516.070	523.270
516.220	522.519
516.370	523.614
516.520	525.527
516.660	525.637
516.810	524.046
516.960	522.673
517.110	522.553
517.250	523.035
517.400	520.868
517.550	521.660
517.700	524.697
517.850	524.846
517.990	524.888
518.140	524.976
518.290	525.104
518.440	524.521
518.580	521.826
518.730	521.941
518.880	524.258
519.030	524.103
519.180	524.106
519.320	524.791
519.470	525.005
519.620	524.693
519.770	521.492
519.920	520.854
520.060	521.570
520.210	520.363
520.360	519.134
520.510	519.229
520.650	520.766
520.800	520.692
520.950	520.418
521.100	520.535
521.250	523.599
521.390	523.666
521.540	521.651
521.690	521.415
521.840	520.940
521.990	521.345
522.130	517.976
522.280	517.287
522.430	520.415
522.580	520.134
522.730	519.055
522.870	516.817
523.020	517.749
523.170	516.989
523.320	514.150
523.470	513.702
523.620	515.883
523.760	516.769
523.910	516.134
524.060	516.518
524.210	517.175
524.360	517.674
524.500	515.341
524.650	515.529
524.800	517.835
524.950	518.513
525.100	517.428
525.240	518.044
525.390	519.030
525.540	519.543
525.690	516.528
525.840	515.599
525.990	518.209
526.130	518.151
526.280	517.494
526.430	516.881
526.580	518.462
526.730	518.886
526.880	516.669
527.020	516.203
527.170	518.022
527.320	518.548
527.470	517.802
527.620	517.443
527.770	518.466
527.910	518.074
528.060	516.495
528.210	516.570
528.360	518.588
528.510	520.404
528.660	519.320
528.800	519.559
528.950	519.885
529.100	519.776
529.250	517.722
529.400	517.351
529.550	518.197
529.690	518.088
529.840	516.842
529.990	516.197
530.140	517.769
530.290	516.343
530.440	515.670
530.580	516.235
530.730	519.073
530.880	520.252
531.030	518.729
531.180	519.876
531.330	520.851
531.480	520.947
531.620	518.714
531.770	518.914
531.920	520.758
532.070	519.557
532.220	518.273
532.370	517.522
532.520	518.018
532.660	517.220
532.810	515.185
532.960	515.521
533.110	517.574
533.260	518.220
533.410	518.032
533.560	518.025
533.710	518.757
533.850	518.724
534.000	517.986
534.150	517.775
534.300	520.220
534.450	519.940
534.600	519.109
534.750	519.415
534.890	519.232
535.040	518.994
535.190	516.324
535.340	517.012
535.490	519.300
535.640	518.744
535.790	517.473
535.940	517.326
536.080	518.243
536.230	517.392
536.380	514.462
536.530	514.912
536.680	517.290
536.830	516.879
536.980	516.355
537.130	517.222
537.280	518.191
537.420	517.637
537.570	515.806
537.720	517.129
537.870	519.704
538.020	519.636
538.170	519.344
538.320	520.255
538.470	520.989
538.620	521.138
538.760	519.133
538.910	519.416
539.060	519.948
539.210	520.077
539.360	518.695
539.510	518.690
539.660	518.920
539.810	518.781
539.960	518.672
540.110	518.565
540.250	521.267
540.400	520.498
540.550	519.939
540.700	519.908
540.850	520.438
541.000	520.487
541.150	518.499
541.300	518.163
541.450	519.962
541.600	520.161
541.740	519.431
541.890	520.040
542.040	520.029
542.190	520.497
542.340	518.340
542.490	517.533
542.640	520.171
542.790	519.518
542.940	519.325
543.090	519.115
543.240	520.122
543.390	520.738
543.530	517.630
543.680	517.375
543.830	520.204
543.980	520.109
544.130	517.884
544.280	517.727
544.430	518.450
544.580	517.993
544.730	515.309
544.880	515.067
545.030	518.784
545.180	518.290
545.330	517.443
545.480	517.653
545.620	517.417
545.770	517.684
545.920	515.448
546.070	515.445
546.220	517.858
546.370	517.642
546.520	517.260
546.670	517.096
546.820	516.453
546.970	516.023
547.120	513.833
547.270	513.405
547.420	516.062
547.570	516.145
547.720	515.535
547.870	516.012
548.010	516.555
548.160	517.143
548.310	514.708
548.460	514.287
548.610	516.699
548.760	517.020
548.910	517.331
549.060	517.553
549.210	519.074
549.360	519.214
549.510	517.653
549.660	518.361
549.810	520.769
549.960	521.233
550.110	520.449
550.260	521.814
550.410	522.553
550.560	522.042
550.710	519.106
550.860	518.155
551.010	520.717
551.160	520.081
551.300	520.249
551.450	520.941
551.600	522.149
551.750	523.091
551.900	520.838
552.050	521.683
552.200	523.824
552.350	523.629
552.500	521.994
552.650	522.568
552.800	523.278
552.950	522.134
553.100	519.292
553.250	518.487
553.400	520.960
553.550	519.900
553.700	518.552
553.850	518.514
554.000	519.145
554.150	519.510
554.300	516.982
554.450	516.511
554.600	518.896
554.750	519.543
554.900	518.323
555.050	517.837
555.200	518.932
555.350	519.316
555.500	516.452
555.650	515.288
555.800	517.568
555.950	517.309
556.100	516.567
556.250	515.586
556.400	516.383
556.550	517.398
556.700	515.748
556.850	516.861
557.000	518.963
557.150	519.978
557.300	519.881
557.450	519.272
557.600	520.345
557.750	520.211
557.900	518.608
558.050	519.408
558.200	519.979
558.350	520.548
558.500	520.158
558.650	520.525
558.800	521.365
558.950	521.347
559.100	521.474
559.250	522.182
559.400	524.445
559.550	524.602
559.700	524.797
559.850	525.109
560.000	525.638
560.150	524.568
560.300	521.986
560.450	521.957
560.600	522.731
560.750	521.894
560.900	521.361
561.050	521.653
561.200	521.837
561.350	521.683
561.500	520.658
561.650	520.355
561.800	521.869
561.950	521.140
562.100	521.404
562.250	521.005
562.400	520.460
562.550	521.516
562.700	518.635
562.850	518.892
563.000	520.018
563.150	519.503
563.300	519.111
563.450	518.622
563.600	519.033
563.750	519.195
563.900	517.566
564.050	518.508
564.200	520.734
564.350	519.790
564.500	519.582
564.660	520.480
564.810	521.351
564.960	520.081
565.110	517.997
565.260	518.666
565.410	520.943
565.560	519.971
565.710	519.347
565.860	519.691
566.010	520.621
566.160	520.757
566.310	518.937
566.460	518.419
566.610	521.332
566.760	521.474
566.910	520.919
567.060	520.946
567.210	521.705
567.360	523.452
567.510	520.157
567.660	520.860
567.810	521.503
567.970	521.685
568.120	521.175
568.270	519.899
568.420	519.870
568.570	518.992
568.720	518.299
568.870	519.596
569.020	526.093
569.170	532.327
569.320	536.868
569.470	541.964
569.620	545.894
569.770	547.780
569.920	544.602
570.070	542.364
570.220	543.317
570.380	540.710
570.530	539.473
570.680	538.191
570.830	537.429
570.980	535.560
571.130	531.838
571.280	531.054
571.430	531.761
571.580	530.917
571.730	528.965
571.880	528.069
572.030	527.900
572.180	528.016
572.340	524.746
572.490	524.592
572.640	527.297
572.790	527.277
572.940	526.526
573.090	525.963
573.240	526.480
573.390	525.637
573.540	521.764
573.690	520.327
573.840	521.198
573.990	519.996
574.150	518.386
574.300	517.769
574.450	518.101
574.600	518.137
574.750	516.226
574.900	515.826
575.050	517.914
575.200	518.070
575.350	518.972
575.500	519.349
575.650	520.153
575.810	522.077
575.960	519.682
576.110	519.059
576.260	520.319
576.410	520.235
576.560	518.924
576.710	517.736
576.860	518.690
577.010	519.095
577.160	516.000
577.320	516.429
577.470	518.799
577.620	519.416
577.770	518.933
577.920	518.951
578.070	521.537
578.220	521.550
578.370	520.093
578.520	520.179
578.680	523.838
578.830	524.275
578.980	522.859
579.130	522.838
579.280	523.497
579.430	524.221
579.580	521.534
579.730	522.926
579.890	524.533
580.040	525.154
580.190	524.121
580.340	523.244
580.490	523.270
580.640	522.633
580.790	520.626
580.940	520.402
581.100	524.457
581.250	524.170
581.400	523.641
581.550	522.363
581.700	524.050
581.850	524.101
582.000	520.285
582.150	521.741
582.310	524.789
582.460	526.436
582.610	525.446
582.760	525.636
582.910	526.959
583.060	525.356
583.210	522.999
583.370	522.370
583.520	524.634
583.670	524.996
583.820	524.583
583.970	525.223
584.120	525.359
584.270	525.322
584.430	522.722
584.580	522.039
584.730	523.647
584.880	523.467
585.030	523.998
585.180	524.363
585.330	525.806
585.490	526.330
585.640	524.777
585.790	525.838
585.940	529.613
586.090	530.717
586.240	531.482
586.390	534.730
586.550	537.996
586.700	540.971
586.850	541.175
587.000	547.577
587.150	566.351
587.300	642.958
587.460	803.696
587.610	990.543
587.760	1184.517
587.910	1394.413
588.060	1632.859
588.210	1820.780
588.370	1910.023
588.520	1952.228
588.670	1972.173
588.820	1960.897
588.970	1894.206
589.120	1804.200
589.280	1715.600
589.430	1640.527
589.580	1568.009
589.730	1493.137
589.880	1423.649
590.030	1360.799
590.190	1302.092
590.340	1242.424
590.490	1186.426
590.640	1142.350
590.790	1106.045
590.950	1066.571
591.100	1029.122
591.250	1000.341
591.400	982.351
591.550	961.658
591.700	933.890
591.860	911.592
592.010	894.212
592.160	869.459
592.310	834.200
592.460	798.885
592.620	766.140
592.770	733.656
592.920	698.873
593.070	667.448
593.220	642.991
593.380	619.569
593.530	600.648
593.680	585.618
593.830	574.428
593.980	565.223
594.140	555.469
594.290	549.546
594.440	547.289
594.590	542.589
594.740	537.496
594.900	534.421
595.050	532.748
595.200	531.425
595.350	527.353
595.500	525.669
595.660	527.477
595.810	525.303
595.960	523.787
596.110	522.607
596.260	521.633
596.420	521.846
596.570	518.465
596.720	517.930
596.870	518.060
597.020	517.642
597.180	517.685
597.330	517.192
597.480	517.662
597.630	517.289
597.790	516.748
597.940	516.880
598.090	518.726
598.240	518.203
598.390	518.421
598.550	520.124
598.700	520.426
598.850	520.620
599.000	516.910
599.160	517.263
599.310	518.515
599.460	518.178
599.610	517.412
599.760	517.057
599.920	519.385
600.070	519.416
600.220	518.065
600.370	518.700
600.530	523.695
600.680	523.989
600.830	523.062
600.980	523.861
601.140	524.281
601.290	523.173
601.440	518.776
601.590	518.675
601.750	519.975
601.900	518.916
602.050	517.024
602.200	518.269
602.360	518.605
602.510	518.208
602.660	516.989
602.810	517.017
602.960	520.289
603.120	519.262
603.270	518.079
603.420	519.106
603.570	518.585
603.730	518.462
603.880	515.409
604.030	516.084
604.180	519.474
604.340	517.877
604.490	518.666
604.640	519.776
604.800	521.884
604.950	521.102
605.100	518.719
605.250	519.470
605.410	521.139
605.560	520.793
605.710	519.226
605.860	519.597
606.020	519.356
606.170	519.299
606.320	515.728
606.470	515.293
606.630	517.667
606.780	516.715
606.930	516.018
607.080	515.971
607.240	516.603
607.390	516.411
607.540	513.529
607.700	514.185
607.850	517.820
608.000	518.367
608.150	517.896
608.310	517.556
608.460	518.911
608.610	519.359
608.760	515.991
608.920	515.010
609.070	518.193
609.220	518.367
609.380	517.764
609.530	517.148
609.680	518.591
609.830	519.371
609.990	516.688
610.140	518.346
610.290	521.290
610.450	522.072
610.600	520.696
610.750	521.116
610.900	523.279
611.060	523.052
611.210	520.662
611.360	522.006
611.520	526.019
611.670	527.307
611.820	526.764
611.970	527.810
612.130	529.273
612.280	529.618
612.430	528.263
612.590	528.416
612.740	531.633
612.890	532.054
613.050	531.489
613.200	531.256
613.350	530.756
613.500	530.680
613.660	528.408
613.810	527.067
613.960	528.964
614.120	528.341
614.270	527.367
614.420	527.239
614.580	526.768
614.730	527.268
614.880	525.183
615.040	525.246
615.190	528.576
615.340	528.306
615.500	527.936
615.650	528.396
615.800	529.162
615.950	530.087
616.110	527.223
616.260	527.206
616.410	529.556
616.570	529.137
616.720	529.344
616.870	530.339
617.030	533.091
617.180	533.714
617.330	532.647
617.490	534.058
617.640	536.839
617.790	536.308
617.950	535.785
618.100	536.374
618.250	536.936
618.410	537.433
618.560	534.723
618.710	534.852
618.870	536.429
619.020	536.689
619.170	536.248
619.330	536.584
619.480	537.973
619.630	539.086
619.790	536.549
619.940	537.914
620.090	541.132
620.250	540.884
620.400	540.201
620.550	539.414
620.710	539.604
620.860	537.608
621.010	535.282
621.170	534.068
621.320	535.066
621.470	533.659
621.630	533.085
621.780	532.690
621.930	531.753
622.090	531.592
622.240	529.883
622.400	529.910
622.550	531.659
622.700	531.956
622.860	530.639
623.010	530.208
623.160	530.606
623.320	531.026
623.470	529.541
623.620	528.915
623.780	530.960
623.930	530.758
624.080	530.705
624.240	530.030
624.390	530.026
624.550	530.259
624.700	529.798
624.850	529.974
625.010	531.042
625.160	531.337
625.310	530.875
625.470	531.134
625.620	530.397
625.770	529.988
625.930	527.587
626.080	525.835
626.240	525.670
626.390	524.453
626.540	523.320
626.700	522.581
626.850	522.984
627.000	523.981
627.160	522.823
627.310	522.956
627.470	524.705
627.620	524.127
627.770	523.387
627.930	523.294
628.080	523.745
628.230	523.528
628.390	521.511
628.540	521.626
628.700	524.205
628.850	523.848
629.000	522.709
629.160	523.103
629.310	523.417
629.470	524.802
629.620	522.578
629.770	521.689
629.930	524.743
630.080	523.332
630.240	522.811
630.390	522.397
630.540	522.747
630.700	523.419
630.850	521.183
631.010	522.258
631.160	524.399
631.310	523.544
631.470	522.409
631.620	522.839
631.780	523.894
631.930	522.549
632.080	520.020
632.240	519.395
632.390	521.434
632.550	521.470
632.700	519.087
632.850	519.597
633.010	520.053
633.160	520.451
633.320	517.991
633.470	516.987
633.620	520.222
633.780	519.911
633.930	519.753
634.090	520.530
634.240	521.012
634.390	521.465
634.550	519.114
634.700	519.054
634.860	521.167
635.010	520.030
635.170	520.092
635.320	519.661
635.470	520.121
635.630	520.922
635.780	518.255
635.940	518.145
636.090	518.968
636.250	518.506
636.400	517.371
636.550	517.440
636.710	517.667
636.860	517.892
637.020	516.622
637.170	516.490
637.330	519.294
637.480	518.500
637.630	519.064
637.790	519.631
637.940	521.649
638.100	522.335
638.250	519.774
638.410	519.624
638.560	521.263
638.710	521.076
638.870	519.440
639.020	520.199
639.180	521.809
639.330	523.010
639.490	521.300
639.640	521.189
639.800	523.698
639.950	523.509
640.100	522.101
640.260	521.786
640.410	522.459
640.570	522.453
640.720	519.855
640.880	518.927
641.030	521.191
641.190	520.363
641.340	519.190
641.500	519.326
641.650	519.639
641.800	520.412
641.960	517.771
642.110	517.483
642.270	518.490
642.420	517.407
642.580	517.487
642.730	516.969
642.890	517.763
643.040	517.710
643.200	516.627
643.350	516.975
643.500	517.193
643.660	517.422
643.810	516.664
643.970	517.050
644.120	517.515
644.280	517.501
644.430	516.531
644.590	516.455
644.740	519.811
644.900	519.772
645.050	519.156
645.210	520.372
645.360	520.407
645.520	520.432
645.670	517.009
645.830	517.149
645.980	519.145
646.140	518.403
646.290	518.328
646.440	517.932
646.600	518.728
646.750	519.058
646.910	517.610
647.060	516.199
647.220	518.431
647.370	519.357
647.530	518.432
647.680	518.224
647.840	518.626
647.990	520.380
648.150	518.362
648.300	517.437
648.460	520.180
648.610	520.709
648.770	519.799
648.920	519.413
649.080	519.325
649.230	519.517
649.390	516.884
649.540	515.460
649.700	518.011
649.850	517.726
650.010	518.139
650.160	517.814
650.320	518.181
650.470	519.340
650.630	516.711
650.780	516.175
650.940	517.000
651.090	515.912
651.250	514.596
651.400	513.941
651.560	514.015
651.710	513.958
651.870	512.635
652.020	513.756
652.180	516.100
652.330	515.695
652.490	515.909
652.640	516.677
652.800	516.477
652.950	515.839
653.110	513.543
653.260	513.859
653.420	516.226
653.570	515.399
653.730	514.621
653.890	515.699
654.040	516.204
654.200	517.036
654.350	513.948
654.510	515.180
654.660	518.485
654.820	520.265
654.970	522.929
655.130	524.718
655.280	528.135
655.440	530.049
655.590	529.608
655.750	529.783
655.900	531.396
656.060	530.598
656.210	529.757
656.370	529.219
656.520	529.198
656.680	528.270
656.840	525.737
656.990	525.224
657.150	526.990
657.300	526.001
657.460	524.203
657.610	524.640
657.770	524.944
657.920	525.612
658.080	523.015
658.230	523.542
658.390	526.598
658.550	527.525
658.700	525.794
658.860	525.338
659.010	525.931
659.170	524.465
659.320	521.575
659.480	519.850
659.630	522.849
659.790	521.930
659.940	521.647
660.100	523.637
660.260	524.799
660.410	524.716
660.570	522.523
660.720	522.727
660.880	524.062
661.030	522.955
661.190	520.640
661.340	520.220
661.500	521.265
661.660	520.945
661.810	517.930
661.970	516.531
662.120	519.065
662.280	518.324
662.430	516.467
662.590	517.259
662.750	516.927
662.900	516.281
663.060	513.676
663.210	512.952
663.370	515.389
663.520	513.814
663.680	513.749
663.840	514.281
663.990	514.684
664.150	514.920
664.300	512.803
664.460	512.918
664.610	515.686
664.770	516.120
664.930	515.640
665.080	516.539
665.240	516.511
665.390	516.461
665.550	513.847
665.700	513.906
665.860	516.046
666.020	514.999
666.170	515.068
666.330	515.599
666.480	516.204
666.640	515.656
666.800	514.530
666.950	515.581
667.110	518.450
667.260	517.357
667.420	516.527
667.580	517.363
667.730	518.318
667.890	517.964
668.040	514.752
668.200	514.744
668.360	518.045
668.510	517.463
668.670	515.923
668.820	516.089
668.980	516.789
669.140	518.502
669.290	516.735
669.450	517.588
669.600	520.728
669.760	520.959
669.920	520.910
670.070	519.976
670.230	520.112
670.380	519.804
670.540	516.949
670.700	516.059
670.850	518.057
671.010	517.829
671.160	515.042
671.320	514.649
671.480	514.548
671.630	514.573
671.790	512.099
671.940	512.711
672.100	517.128
672.260	517.480
672.410	517.523
672.570	518.657
672.730	518.790
672.880	519.531
673.040	516.142
673.190	515.488
673.350	517.625
673.510	517.323
673.660	517.971
673.820	518.153
673.980	519.955
674.130	521.193
674.290	520.008
674.440	519.676
674.600	521.095
674.760	520.283
674.910	519.880
675.070	520.094
675.230	520.101
675.380	521.445
675.540	518.911
675.700	518.379
675.850	518.518
676.010	518.311
676.160	517.993
676.320	516.905
676.480	517.484
676.630	517.705
676.790	517.178
676.950	516.797
677.100	519.354
677.260	520.527
677.420	521.038
677.570	521.591
677.730	522.183
677.890	522.098
678.040	519.970
678.200	519.404
678.350	521.547
678.510	521.486
678.670	520.370
678.820	521.460
678.980	522.276
679.140	521.611
679.290	519.440
679.450	518.619
679.610	521.951
679.760	521.215
679.920	520.210
680.080	520.802
680.230	521.199
680.390	521.942
680.550	520.000
680.700	520.859
680.860	522.740
681.020	522.546
681.170	522.171
681.330	522.511
681.490	522.898
681.640	521.879
681.800	519.268
681.960	519.013
682.110	520.705
682.270	520.744
682.430	519.124
682.580	519.220
682.740	519.410
682.900	519.679
683.050	517.641
683.210	517.779
683.370	519.799
683.520	519.869
683.680	520.324
683.840	520.860
683.990	520.989
684.150	520.592
684.310	518.560
684.460	518.718
684.620	520.122
684.780	519.161
684.940	518.507
685.090	518.128
685.250	519.214
685.410	519.392
685.560	516.671
685.720	516.363
685.880	518.296
686.030	518.077
686.190	516.535
686.350	515.444
686.500	516.568
686.660	517.351
686.820	515.362
686.980	515.377
687.130	518.577
687.290	519.111
687.450	519.870
687.600	519.566
687.760	520.928
687.920	521.996
688.070	519.309
688.230	519.221
688.390	521.472
688.550	522.367
688.700	521.685
688.860	521.526
689.020	523.511
689.170	524.575
689.330	521.613
689.490	520.963
689.640	523.656
689.800	524.378
689.960	522.396
690.120	521.790
690.270	522.373
690.430	523.274
690.590	521.146
690.740	521.260
690.900	523.801
691.060	524.399
691.220	523.731
691.370	523.805
691.530	523.389
691.690	523.355
691.840	520.472
692.000	519.775
692.160	522.577
692.320	521.419
692.470	520.373
692.630	519.227
692.790	520.547
692.950	520.949
693.100	518.332
693.260	519.385
693.420	521.457
693.570	521.486
693.730	520.507
693.890	519.600
694.050	519.617
694.200	518.634
694.360	517.461
694.520	517.891
694.680	520.959
694.830	522.159
694.990	521.171
695.150	522.027
695.310	522.867
695.460	522.940
695.620	520.400
695.780	519.705
695.940	521.521
696.090	520.816
696.250	519.665
696.410	519.500
696.570	519.571
696.720	519.527
696.880	518.273
697.040	518.673
697.200	521.717
697.350	521.047
697.510	520.712
697.670	520.693
697.830	522.435
697.980	522.210
698.140	519.048
698.300	519.537
698.460	521.327
698.610	521.829
698.770	520.496
698.930	520.906
699.090	521.999
699.240	521.829
699.400	520.203
699.560	521.013
699.720	524.302
699.870	524.280
700.030	523.413
700.190	524.352
700.350	525.801
700.500	524.995
700.660	522.321
700.820	522.329
700.980	525.245
701.140	524.178
701.290	523.156
701.450	523.142
701.610	522.962
701.770	522.712
701.920	519.903
702.080	520.008
702.240	521.032
702.400	520.251
702.550	519.387
702.710	519.049
702.870	520.029
703.030	519.818
703.190	518.127
703.340	518.481
703.500	520.565
703.660	520.232
703.820	519.040
703.980	519.822
704.130	521.386
704.290	522.411
704.450	520.806
704.610	522.120
704.760	524.670
704.920	523.935
705.080	522.772
705.240	521.671
705.400	522.262
705.550	521.465
705.710	518.808
705.870	519.500
706.030	519.630
706.190	520.441
706.340	519.581
706.500	519.461
706.660	520.188
706.820	519.449
706.980	519.020
707.130	518.605
707.290	521.359
707.450	522.079
707.610	521.732
707.770	523.017
707.920	523.935
708.080	523.882
708.240	520.560
708.400	519.505
708.560	521.729
708.710	520.339
708.870	519.171
709.030	519.325
709.190	520.620
709.350	521.683
709.510	518.487
709.660	518.538
709.820	521.858
709.980	521.390
710.140	521.109
710.300	520.628
710.450	523.358
710.610	523.473
710.770	521.262
710.930	521.491
711.090	523.933
711.250	524.058
711.400	522.129
711.560	523.695
711.720	524.071
711.880	524.513
712.040	522.579
712.190	523.847
712.350	526.363
712.510	525.303
712.670	525.672
712.830	525.829
712.990	525.974
713.140	525.392
713.300	523.073
713.460	523.637
713.620	524.340
713.780	524.744
713.940	523.684
714.090	523.294
714.250	524.090
714.410	523.699
714.570	522.086
714.730	522.116
714.890	524.741
715.050	525.253
715.200	525.213
715.360	526.112
715.520	527.735
715.680	527.225
715.840	525.850
716.000	524.852
716.150	525.953
716.310	525.559
716.470	523.588
716.630	523.854
716.790	522.941
716.950	523.033
717.110	520.968
717.260	520.579
717.420	523.385
717.580	522.158
717.740	521.927
717.900	523.450
718.060	525.324
718.220	525.320
718.370	522.754
718.530	523.114
718.690	525.494
718.850	524.646
719.010	523.206
719.170	523.295
719.330	525.087
719.480	525.166
719.640	522.518
719.800	521.961
719.960	524.293
720.120	524.184
720.280	522.457
720.440	523.638
720.600	524.448
720.750	524.438
720.910	522.824
721.070	523.946
721.230	525.690
721.390	525.877
721.550	525.471
721.710	526.028
721.870	525.665
722.020	524.885
722.180	522.530
722.340	520.825
722.500	522.030
722.660	520.221
722.820	519.781
722.980	519.062
723.140	520.784
723.300	520.389
723.450	520.612
723.610	521.557
723.770	523.546
723.930	524.208
724.090	522.583
724.250	523.873
724.410	522.706
724.570	522.620
724.730	520.508
724.880	520.181
725.040	522.344
725.200	521.687
725.360	522.731
725.520	523.105
725.680	524.868
725.840	524.230
726.000	522.629
726.160	522.469
726.320	522.627
726.470	522.311
726.630	520.452
726.790	521.326
726.950	521.517
727.110	522.376
727.270	521.335
727.430	522.010
727.590	525.842
727.750	525.544
727.910	524.891
728.060	524.466
728.220	525.259
728.380	525.382
728.540	521.949
728.700	522.850
728.860	525.410
729.020	524.795
729.180	523.790
729.340	523.881
729.500	523.593
729.660	522.388
729.820	519.823
729.970	519.843
730.130	522.239
730.290	521.699
730.450	521.126
730.610	521.830
730.770	524.258
730.930	525.123
731.090	523.321
731.250	523.914
731.410	527.041
731.570	527.514
731.730	524.992
731.890	525.089
732.050	525.741
732.200	524.952
732.360	522.544
732.520	522.020
732.680	525.359
732.840	525.392
733.000	524.379
733.160	525.800
733.320	527.523
733.480	527.859
733.640	524.905
733.800	524.960
733.960	527.586
734.120	526.612
734.280	525.048
734.440	524.937
734.600	524.959
734.750	524.567
734.910	521.411
735.070	521.547
735.230	524.175
735.390	523.533
735.550	523.312
735.710	523.053
735.870	524.065
736.030	523.849
736.190	520.065
736.350	519.722
736.510	520.932
736.670	520.221
736.830	518.444
736.990	518.242
737.150	518.111
737.310	518.522
737.470	515.998
737.630	516.709
