209.920	520.233
210.050	524.333
210.180	524.021
210.310	524.732
210.430	524.482
210.560	529.413
210.690	529.635
210.820	528.189
210.950	528.305
211.080	529.239
211.210	530.389
211.340	527.269
211.470	527.172
211.600	529.652
211.730	530.493
211.860	529.216
211.990	529.200
212.120	529.158
212.250	528.920
212.380	526.317
212.510	526.365
212.640	529.251
212.770	529.355
212.890	528.610
213.020	528.954
213.150	530.012
213.280	530.889
213.410	527.411
213.540	527.152
213.670	529.311
213.800	529.261
213.930	528.239
214.060	527.670
214.190	527.976
214.320	527.932
214.450	526.644
214.580	526.233
214.710	529.541
214.840	529.666
214.970	529.629
215.100	528.856
215.230	528.820
215.360	528.119
215.490	524.781
215.620	523.682
215.750	525.196
215.880	525.791
216.010	525.470
216.140	526.256
216.270	527.518
216.400	527.085
216.530	525.356
216.660	525.271
216.790	527.253
216.920	526.362
217.050	524.475
217.180	525.129
217.310	525.626
217.440	525.595
217.570	523.253
217.700	522.907
217.820	524.519
217.950	524.055
218.080	523.621
218.210	523.541
218.340	523.468
218.470	523.664
218.600	522.786
218.730	522.480
218.860	524.667
218.990	524.597
219.120	523.909
219.250	524.513
219.380	524.070
219.510	524.878
219.640	521.797
219.770	521.860
219.900	524.247
220.030	523.323
220.160	524.255
220.290	523.689
220.420	525.343
220.550	525.442
220.680	524.632
220.810	526.260
220.940	527.888
221.070	528.097
221.200	527.211
221.340	527.499
221.470	526.814
221.600	525.964
221.730	523.744
221.860	524.439
221.990	525.851
222.120	525.310
222.250	524.146
222.380	523.599
222.510	523.195
222.640	522.837
222.770	520.217
222.900	521.399
223.030	524.713
223.160	525.660
223.290	526.012
223.420	526.182
223.550	527.806
223.680	526.370
223.810	522.948
223.940	522.029
224.070	523.012
224.200	521.706
224.330	520.451
224.460	520.150
224.590	520.277
224.720	521.109
224.850	519.872
224.980	520.451
225.110	523.514
225.240	524.975
225.370	525.720
225.500	525.367
225.630	524.802
225.760	524.216
225.890	521.580
226.020	520.562
226.150	520.330
226.290	520.026
226.420	520.529
226.550	521.357
226.680	521.819
226.810	521.887
226.940	521.683
227.070	521.552
227.200	523.964
227.330	523.737
227.460	522.838
227.590	522.698
227.720	523.763
227.850	523.991
227.980	521.457
228.110	521.668
228.240	523.561
228.370	523.476
228.500	522.996
228.630	523.078
228.770	524.044
228.900	523.569
229.030	522.624
229.160	523.092
229.290	525.428
229.420	525.741
229.550	524.450
229.680	524.985
229.810	525.709
229.940	525.756
230.070	523.531
230.200	523.312
230.330	525.936
230.460	525.713
230.590	523.850
230.720	524.067
230.860	523.407
230.990	523.570
231.120	521.937
231.250	521.657
231.380	524.176
231.510	522.923
231.640	522.806
231.770	521.900
231.900	521.933
232.030	522.349
232.160	521.265
232.290	521.759
232.420	523.664
232.560	524.588
232.690	524.493
232.820	523.443
232.950	523.513
233.080	524.200
233.210	523.176
233.340	523.521
233.470	526.023
233.600	527.758
233.730	527.007
233.860	526.608
234.000	527.383
234.130	528.034
234.260	525.181
234.390	524.474
234.520	525.380
234.650	525.587
234.780	524.487
234.910	523.483
235.040	524.455
235.170	524.299
235.300	524.219
235.440	524.386
235.570	527.267
235.700	527.557
235.830	526.930
235.960	527.442
236.090	527.926
236.220	527.702
236.350	524.787
236.480	524.508
236.620	527.142
236.750	526.560
236.880	525.300
237.010	525.118
237.140	525.830
237.270	526.368
237.400	522.580
237.530	523.263
237.660	525.833
237.800	525.998
237.930	525.131
238.060	524.946
238.190	527.170
238.320	527.080
238.450	524.839
238.580	525.297
238.710	527.112
238.840	527.545
238.980	525.834
239.110	525.621
239.240	525.992
239.370	525.682
239.500	524.198
239.630	522.775
239.760	524.988
239.890	524.467
240.030	524.019
240.160	523.895
240.290	523.977
240.420	524.841
240.550	523.536
240.680	524.288
240.810	525.903
240.950	524.631
241.080	523.864
241.210	524.402
241.340	524.599
241.470	524.300
241.600	521.736
241.730	521.882
241.870	525.984
242.000	524.864
242.130	523.415
242.260	523.480
242.390	523.975
242.520	525.683
242.650	521.429
242.790	521.826
242.920	522.645
243.050	522.605
243.180	522.390
243.310	522.463
243.440	523.839
243.570	522.749
243.710	522.641
243.840	524.035
243.970	527.493
244.100	526.760
244.230	526.334
244.360	527.315
244.500	528.576
244.630	527.880
244.760	524.770
244.890	524.516
245.020	526.851
245.150	527.299
245.280	526.356
245.420	525.745
245.550	526.724
245.680	527.961
245.810	525.026
245.940	524.983
246.070	528.076
246.210	527.843
246.340	526.817
246.470	526.740
246.600	528.333
246.730	528.101
246.860	525.894
247.000	526.353
247.130	528.802
247.260	528.608
247.390	528.296
247.520	528.005
247.660	527.306
247.790	527.165
247.920	525.207
248.050	525.280
248.180	525.833
248.310	526.090
248.450	525.961
248.580	526.361
248.710	526.666
248.840	525.665
248.970	524.513
249.110	524.833
249.240	527.385
249.370	526.506
249.500	525.727
249.630	526.433
249.770	526.462
249.900	526.056
250.030	522.826
250.160	523.237
250.290	525.974
250.420	525.850
250.560	525.849
250.690	526.749
250.820	527.987
250.950	527.865
251.080	525.536
251.220	525.417
251.350	526.059
251.480	525.469
251.610	525.177
251.740	525.014
251.880	526.085
252.010	526.528
252.140	525.734
252.270	525.822
252.400	527.371
252.540	527.313
252.670	525.579
252.800	525.011
252.930	525.718
253.070	526.272
253.200	524.517
253.330	525.372
253.460	527.990
253.590	528.025
253.730	528.198
253.860	527.846
253.990	529.557
254.120	528.983
254.250	527.537
254.390	528.375
254.520	530.700
254.650	531.668
254.780	530.033
254.920	530.447
255.050	531.511
255.180	530.824
255.310	527.971
255.440	526.508
255.580	528.133
255.710	528.177
255.840	526.547
255.970	526.103
256.110	526.661
256.240	526.084
256.370	524.543
256.500	523.749
256.640	525.713
256.770	525.777
256.900	525.488
257.030	526.134
257.170	526.842
257.300	527.396
257.430	526.194
257.560	526.850
257.690	528.929
257.830	529.901
257.960	529.079
258.090	529.514
258.220	530.316
258.360	530.513
258.490	528.693
258.620	528.065
258.750	531.182
258.890	531.770
259.020	530.784
259.150	530.354
259.280	530.059
259.420	530.986
259.550	528.014
259.680	527.963
259.810	529.625
259.950	530.104
260.080	530.027
260.210	529.430
260.340	529.714
260.480	529.955
260.610	529.275
260.740	528.909
260.870	531.998
261.010	531.986
261.140	532.702
261.270	532.507
261.410	533.091
261.540	533.417
261.670	530.909
261.800	531.221
261.940	533.386
262.070	533.275
262.200	532.164
262.330	533.250
262.470	534.263
262.600	533.849
262.730	530.546
262.860	530.379
263.000	532.335
263.130	531.197
263.260	529.192
263.400	529.550
263.530	530.387
263.660	531.087
263.790	529.019
263.930	528.676
264.060	530.565
264.190	529.858
264.330	528.591
264.460	527.674
264.590	527.933
264.720	528.638
264.860	526.890
264.990	527.439
265.120	530.361
265.260	530.897
265.390	530.011
265.520	529.763
265.650	530.543
265.790	529.398
265.920	526.728
266.050	525.986
266.190	528.393
266.320	528.113
266.450	527.002
266.580	528.329
266.720	529.811
266.850	530.613
266.980	528.306
267.120	527.587
267.250	530.577
267.380	530.363
267.520	528.668
267.650	528.055
267.780	528.950
267.910	530.119
268.050	527.332
268.180	528.511
268.310	530.133
268.450	530.086
268.580	529.762
268.710	529.448
268.850	530.149
268.980	528.798
269.110	528.877
269.250	528.494
269.380	530.570
269.510	530.481
269.640	529.884
269.780	529.600
269.910	529.603
270.040	530.176
270.180	527.449
270.310	527.137
270.440	529.524
270.580	529.590
270.710	528.825
270.840	528.175
270.980	529.332
271.110	529.041
271.240	525.888
271.380	525.715
271.510	527.595
271.640	527.152
271.780	525.999
271.910	526.604
272.040	528.906
272.180	529.078
272.310	526.804
272.440	527.881
272.580	529.298
272.710	529.906
272.840	528.306
272.980	528.390
273.110	529.089
273.240	528.981
273.380	527.025
273.510	526.645
273.640	528.166
273.780	527.501
273.910	526.756
274.040	526.017
274.180	526.299
274.310	524.885
274.440	521.887
274.580	521.768
274.710	523.632
274.840	524.034
274.980	523.473
275.110	523.581
275.240	525.472
275.380	525.845
275.510	523.346
275.650	523.474
275.780	526.602
275.910	527.176
276.050	526.313
276.180	526.283
276.310	527.423
276.450	527.236
276.580	524.794
276.710	524.877
276.850	526.392
276.980	527.038
277.110	526.449
277.250	527.068
277.380	528.366
277.520	529.156
277.650	528.580
277.780	530.347
277.920	537.720
278.050	542.088
278.180	547.154
278.320	553.763
278.450	561.561
278.580	568.544
278.720	571.310
278.850	575.339
278.990	579.774
279.120	580.884
279.250	580.677
279.390	579.717
279.520	578.245
279.650	579.391
279.790	578.283
279.920	579.528
280.060	584.933
280.190	587.262
280.320	588.554
280.460	589.360
280.590	592.703
280.730	595.074
280.860	592.914
280.990	595.128
281.130	599.425
281.260	599.904
281.390	600.559
281.530	603.112
281.660	605.530
281.800	607.594
281.930	607.682
282.060	611.652
282.200	614.697
282.330	616.778
282.470	618.582
282.600	619.899
282.730	621.955
282.870	624.856
283.000	624.870
283.140	626.533
283.270	631.656
283.400	634.615
283.540	642.148
283.670	667.075
283.810	710.921
283.940	756.501
284.070	798.787
284.210	842.030
284.340	879.238
284.480	896.180
284.610	894.885
284.740	888.184
284.880	875.965
285.010	863.068
285.150	848.680
285.280	832.662
285.410	814.869
285.550	793.540
285.680	775.229
285.820	754.253
285.950	735.032
286.090	714.438
286.220	694.390
286.350	677.177
286.490	664.554
286.620	652.590
286.760	640.859
286.890	633.270
287.020	628.459
287.160	624.476
287.290	619.778
287.430	616.258
287.560	616.631
287.700	613.518
287.830	611.460
287.960	610.159
288.100	610.266
288.230	610.294
288.370	607.118
288.500	608.972
288.640	611.510
288.770	613.315
288.900	612.610
289.040	614.311
289.170	616.093
289.310	614.885
289.440	612.219
289.580	610.693
289.710	613.300
289.850	613.345
289.980	611.504
290.110	611.233
290.250	609.961
290.380	608.704
290.520	603.813
290.650	602.447
290.790	603.914
290.920	601.967
291.060	599.431
291.190	597.516
291.320	596.107
291.460	594.449
291.590	591.370
291.730	590.343
291.860	591.999
292.000	591.279
292.130	589.176
292.270	586.470
292.400	584.279
292.540	583.700
292.670	580.109
292.800	579.258
292.940	581.583
293.070	580.566
293.210	579.529
293.340	577.877
293.480	577.901
293.610	577.732
293.750	575.464
293.880	576.373
294.020	577.113
294.150	578.162
294.290	577.768
294.420	578.207
294.550	578.339
294.690	577.572
294.820	577.004
294.960	576.526
295.090	579.268
295.230	578.528
295.360	577.409
295.500	577.176
295.630	576.728
295.770	575.401
295.900	571.631
296.040	569.504
296.170	570.640
296.310	569.055
296.440	567.294
296.580	566.620
296.710	565.592
296.850	565.455
296.980	561.774
297.120	560.249
297.250	561.772
297.380	561.567
297.520	559.074
297.650	558.194
297.790	557.896
297.920	557.573
298.060	553.900
298.190	551.103
298.330	553.006
298.460	552.380
298.600	550.642
298.730	550.076
298.870	549.837
299.000	550.186
299.140	547.711
299.270	547.523
299.410	550.748
299.540	551.346
299.680	551.801
299.810	551.912
299.950	554.003
300.080	553.674
300.220	552.203
300.350	552.390
300.490	554.153
300.620	553.666
300.760	552.399
300.890	552.556
301.030	552.960
301.160	553.530
301.300	552.001
301.430	553.159
301.570	555.864
301.700	556.556
301.840	555.592
301.980	555.243
302.110	556.574
302.250	557.239
302.380	555.973
302.520	556.175
302.650	558.991
302.790	560.577
302.920	561.105
303.060	562.284
303.190	564.030
303.330	565.463
303.460	565.069
303.600	566.823
303.730	570.697
303.870	573.162
304.000	574.801
304.140	578.377
304.270	582.915
304.410	587.277
304.540	589.748
304.680	594.993
304.820	604.165
304.950	611.463
305.090	620.077
305.220	640.868
305.360	694.888
305.490	782.069
305.630	885.779
305.760	1017.107
305.900	1176.710
306.030	1331.614
306.170	1455.707
306.300	1539.183
306.440	1598.675
306.570	1623.754
306.710	1612.630
306.850	1595.204
306.980	1581.831
307.120	1579.390
307.250	1584.574
307.390	1603.339
307.520	1628.840
307.660	1654.416
307.790	1678.605
307.930	1717.125
308.070	1783.175
308.200	1867.878
308.340	1951.127
308.470	2034.346
308.610	2128.187
308.740	2202.801
308.880	2246.640
309.010	2267.100
309.150	2291.298
309.290	2316.739
309.420	2322.525
309.560	2310.755
309.690	2307.929
309.830	2299.286
309.960	2275.548
310.100	2229.768
310.230	2191.671
310.370	2167.246
310.510	2124.811
310.640	2070.786
310.780	2020.380
310.910	1991.609
311.050	1950.239
311.180	1899.329
311.320	1860.077
311.460	1843.676
311.590	1831.994
311.730	1801.901
311.860	1777.771
312.000	1772.183
312.130	1756.866
312.270	1722.347
312.410	1680.115
312.540	1649.235
312.680	1621.750
312.810	1586.501
312.950	1555.213
313.090	1526.965
313.220	1508.706
313.360	1489.130
313.490	1469.847
313.630	1449.115
313.760	1430.815
313.900	1421.401
314.040	1410.383
314.170	1403.124
314.310	1395.694
314.440	1391.874
314.580	1383.834
314.720	1370.955
314.850	1358.889
314.990	1349.141
315.120	1335.445
315.260	1317.006
315.400	1296.040
315.530	1276.075
315.670	1255.755
315.800	1230.338
315.940	1205.647
316.080	1181.496
316.210	1162.346
316.350	1137.526
316.480	1109.505
316.620	1090.284
316.760	1072.541
316.890	1051.355
317.030	1026.955
317.160	1008.576
317.300	994.601
317.440	973.603
317.570	952.617
317.710	938.478
317.840	930.816
317.980	920.765
318.120	907.962
318.250	896.331
318.390	887.450
318.520	878.793
318.660	867.509
318.800	859.568
318.930	853.341
319.070	843.169
319.210	832.807
319.340	823.827
319.480	815.937
319.610	807.417
319.750	798.078
319.890	790.697
320.020	782.151
320.160	772.171
320.300	762.310
320.430	757.573
320.570	754.882
320.700	752.490
320.840	748.157
320.980	742.392
321.110	738.109
321.250	730.403
321.390	723.932
321.520	720.027
321.660	717.624
321.790	715.372
321.930	709.314
322.070	702.979
322.200	698.501
322.340	691.736
322.480	684.973
322.610	679.400
322.750	676.208
322.890	673.474
323.020	666.426
323.160	660.453
323.300	656.987
323.430	651.768
323.570	647.719
323.700	646.332
323.840	651.342
323.980	669.395
324.110	692.978
324.250	716.761
324.390	733.955
324.520	746.130
324.660	753.402
324.800	747.857
324.930	732.246
325.070	717.263
325.210	705.609
325.340	695.734
325.480	686.155
325.620	675.273
325.750	666.103
325.890	658.161
326.030	650.912
326.160	643.928
326.300	635.898
326.440	630.173
326.570	629.888
326.710	637.082
326.850	648.043
326.980	656.189
327.120	662.689
327.260	667.499
327.390	665.836
327.530	657.078
327.670	645.963
327.800	636.042
327.940	628.547
328.080	622.079
328.210	617.355
328.350	610.453
328.490	603.089
328.620	599.311
328.760	595.881
328.900	590.654
329.030	584.863
329.170	581.291
329.310	577.645
329.440	574.376
329.580	569.612
329.720	567.581
329.850	569.464
329.990	567.371
330.130	566.227
330.260	564.296
330.400	563.822
330.540	563.098
330.680	558.219
330.810	557.169
330.950	557.391
331.090	556.255
331.220	555.603
331.360	555.549
331.500	556.352
331.630	556.177
331.770	553.867
331.910	554.259
332.040	556.737
332.180	555.217
332.320	554.596
332.460	554.989
332.590	556.418
332.730	556.823
332.870	553.949
333.000	555.452
333.140	557.348
333.280	557.036
333.410	555.719
333.550	555.000
333.690	555.769
333.830	555.388
333.960	553.247
334.100	554.602
334.240	557.837
334.370	559.013
334.510	559.708
334.650	561.137
334.790	563.136
334.920	564.157
335.060	563.150
335.200	564.390
335.330	567.906
335.470	571.204
335.610	573.810
335.750	577.333
335.880	581.767
336.020	585.111
336.160	585.229
336.300	586.677
336.430	590.993
336.570	591.743
336.710	591.323
336.840	589.033
336.980	587.325
337.120	583.447
337.260	576.606
337.390	570.976
337.530	567.890
337.670	564.195
337.810	560.765
337.940	557.148
338.080	554.116
338.220	552.010
338.350	547.094
338.490	544.703
338.630	545.070
338.770	543.290
338.900	541.524
339.040	539.607
339.180	540.836
339.320	540.521
339.450	536.444
339.590	534.994
339.730	536.036
339.870	534.585
340.000	531.716
340.140	530.634
340.280	531.070
340.420	530.931
340.550	528.167
340.690	529.065
340.830	532.333
340.970	533.806
341.100	534.882
341.240	536.950
341.380	538.840
341.520	540.183
341.650	537.824
341.790	536.962
341.930	538.651
342.070	536.460
342.200	535.307
342.340	534.428
342.480	534.582
342.620	535.457
342.750	534.458
342.890	536.648
343.030	540.198
343.170	541.022
343.300	541.953
343.440	542.362
343.580	542.035
343.720	541.679
343.860	538.941
343.990	538.124
344.130	539.013
344.270	538.163
344.410	536.711
344.540	535.959
344.680	535.370
344.820	535.920
344.960	533.775
345.090	533.640
345.230	536.169
345.370	536.679
345.510	537.508
345.650	538.361
345.780	540.814
345.920	541.139
346.060	539.173
346.200	539.645
346.340	540.767
346.470	539.767
346.610	538.063
346.750	538.429
346.890	539.943
347.020	539.997
347.160	538.673
347.300	539.119
347.440	542.124
347.580	542.214
347.710	541.711
347.850	542.985
347.990	544.178
348.130	545.428
348.270	542.411
348.400	543.683
348.540	545.853
348.680	545.887
348.820	545.624
348.960	545.132
349.090	546.734
349.230	546.921
349.370	545.327
349.510	546.013
349.650	548.793
349.780	549.399
349.920	549.741
350.060	549.125
350.200	549.161
350.340	548.038
350.470	545.042
350.610	544.173
350.750	544.904
350.890	544.856
351.030	544.492
351.160	545.733
351.300	546.305
351.440	547.381
351.580	545.524
351.720	546.512
351.860	549.941
351.990	549.588
352.130	551.668
352.270	553.049
352.410	555.287
352.550	556.058
352.680	553.923
352.820	554.735
352.960	556.132
353.100	557.058
353.240	556.355
353.380	556.355
353.510	555.694
353.650	555.008
353.790	551.425
353.930	549.558
354.070	550.885
354.210	549.670
354.340	548.677
354.480	548.592
354.620	549.817
354.760	548.767
354.900	546.093
355.040	545.131
355.170	546.746
355.310	546.005
355.450	544.713
355.590	544.553
355.730	544.604
355.870	545.675
356.000	544.914
356.140	545.160
356.280	548.382
356.420	549.321
356.560	550.496
356.700	552.107
356.830	554.070
356.970	555.961
357.110	555.160
357.250	556.063
357.390	558.224
357.530	556.362
357.670	554.034
357.800	552.049
357.940	550.112
358.080	547.216
358.220	543.352
358.360	541.260
358.500	542.945
358.640	540.762
358.770	538.003
358.910	536.729
359.050	534.864
359.190	534.328
359.330	529.271
359.470	528.118
359.610	529.765
359.740	529.695
359.880	528.534
360.020	527.098
360.160	527.746
360.300	528.013
360.440	525.726
360.580	524.774
360.710	526.133
360.850	526.917
360.990	525.660
361.130	525.401
361.270	525.653
361.410	527.288
361.550	526.465
361.690	527.233
361.820	529.395
361.960	529.858
362.100	528.749
362.240	527.973
362.380	528.819
362.520	528.363
362.660	526.624
362.800	526.112
362.940	528.363
363.070	527.335
363.210	525.636
363.350	525.070
363.490	526.056
363.630	525.542
363.770	523.558
363.910	524.606
364.050	526.730
364.180	527.117
364.320	526.132
364.460	526.186
364.600	527.397
364.740	527.769
364.880	525.182
365.020	524.688
365.160	528.466
365.300	530.264
365.440	529.279
365.570	528.271
365.710	530.088
365.850	531.188
365.990	527.454
366.130	526.371
366.270	528.943
366.410	529.049
366.550	528.446
366.690	527.460
366.830	527.852
366.960	527.041
367.100	525.241
367.240	525.022
367.380	527.892
367.520	528.104
367.660	528.073
367.800	528.467
367.940	528.151
368.080	529.262
368.220	526.142
368.360	525.345
368.490	526.606
368.630	526.882
368.770	527.231
368.910	525.891
369.050	526.860
369.190	528.561
369.330	527.848
369.470	528.863
369.610	530.002
369.750	530.848
369.890	529.829
370.030	528.772
370.170	529.538
370.300	529.126
370.440	527.165
370.580	527.348
370.720	529.677
370.860	530.523
371.000	530.331
371.140	530.495
371.280	531.179
371.420	531.419
371.560	530.032
371.700	530.869
371.840	533.127
371.980	533.139
372.120	533.453
372.260	533.556
372.390	535.068
372.530	534.667
372.670	532.153
372.810	532.127
372.950	533.861
373.090	533.352
373.230	532.306
373.370	531.509
373.510	532.460
373.650	531.408
373.790	530.321
373.930	530.964
374.070	532.697
374.210	532.714
374.350	532.355
374.490	534.550
374.630	534.216
374.770	534.521
374.910	532.123
375.040	533.215
375.180	535.830
375.320	534.946
375.460	534.830
375.600	534.277
375.740	535.091
375.880	533.952
376.020	529.954
376.160	529.528
376.300	531.846
376.440	531.688
376.580	530.561
376.720	530.680
376.860	531.409
377.000	530.962
377.140	528.073
377.280	528.644
377.420	531.270
377.560	531.487
377.700	530.167
377.840	531.231
377.980	532.182
378.120	530.921
378.260	528.653
378.400	528.605
378.540	531.427
378.680	530.117
378.820	530.293
378.960	531.609
379.100	532.395
379.230	533.367
379.370	531.707
379.510	532.370
379.650	533.850
379.790	533.917
379.930	533.492
380.070	532.422
380.210	533.377
380.350	533.351
380.490	530.887
380.630	530.457
380.770	532.472
380.910	532.859
381.050	531.339
381.190	530.556
381.330	531.035
381.470	530.878
381.610	527.824
381.750	526.785
381.890	528.307
382.030	528.775
382.170	528.570
382.310	527.860
382.450	529.491
382.590	530.128
382.730	530.048
382.870	530.463
383.010	532.899
383.150	534.148
383.290	533.835
383.430	535.381
383.570	535.921
383.710	536.626
383.850	534.683
383.990	534.477
384.130	536.372
384.270	535.107
384.410	533.888
384.550	533.148
384.690	532.808
384.830	531.620
384.970	528.552
385.110	528.029
385.250	530.205
385.390	529.710
385.530	529.456
385.670	530.568
385.810	531.561
385.950	531.773
386.090	529.315
386.240	529.425
386.380	530.249
386.520	530.448
386.660	528.855
386.800	528.345
386.940	528.029
387.080	528.084
387.220	526.851
387.360	525.060
387.500	527.752
387.640	528.107
387.780	527.787
387.920	527.469
388.060	528.116
388.200	529.048
388.340	527.312
388.480	527.112
388.620	528.923
388.760	528.701
388.900	527.836
389.040	527.117
389.180	528.108
389.320	528.671
389.460	527.248
389.600	528.116
389.740	530.469
389.880	531.265
390.020	530.325
390.160	530.257
390.300	531.276
390.450	530.263
390.590	528.580
390.730	528.491
390.870	530.733
391.010	530.168
391.150	528.076
391.290	528.613
391.430	528.698
391.570	528.681
391.710	525.931
391.850	525.309
391.990	528.148
392.130	527.670
392.270	526.903
392.410	527.124
392.550	527.787
392.690	528.285
392.830	526.306
392.970	526.355
393.120	529.305
393.260	529.594
393.400	529.477
393.540	529.958
393.680	530.963
393.820	531.009
393.960	528.846
394.100	528.050
394.240	530.648
394.380	530.538
394.520	529.490
394.660	529.643
394.800	529.297
394.940	528.938
395.080	526.319
395.230	526.381
395.370	527.962
395.510	528.127
395.650	528.520
395.790	529.446
395.930	529.667
396.070	529.284
396.210	527.768
396.350	527.562
396.490	530.357
396.630	530.194
396.770	529.679
396.920	530.242
397.060	531.285
397.200	531.369
397.340	527.879
397.480	528.205
397.620	530.971
397.760	530.792
397.900	529.510
398.040	529.378
398.180	530.514
398.320	529.379
398.460	526.343
398.610	526.048
398.750	527.978
398.890	527.806
399.030	526.132
399.170	526.501
399.310	527.242
399.450	526.124
399.590	523.591
399.730	524.345
399.870	525.573
400.020	525.161
400.160	524.654
400.300	525.557
400.440	526.708
400.580	526.105
400.720	524.544
400.860	524.697
401.000	526.874
401.140	526.421
401.290	526.349
401.430	525.180
401.570	527.402
401.710	527.966
401.850	525.047
401.990	524.468
402.130	525.715
402.270	526.291
402.410	524.735
402.560	525.087
402.700	527.754
402.840	529.762
402.980	529.403
403.120	531.322
403.260	535.302
403.400	536.013
403.540	534.582
403.690	535.266
403.830	536.662
403.970	536.648
404.110	533.161
404.250	531.693
404.390	534.275
404.530	533.713
404.670	531.326
404.820	530.915
404.960	531.138
405.100	531.806
405.240	529.382
405.380	528.024
405.520	529.879
405.660	529.348
405.800	528.813
405.950	528.295
406.090	528.251
406.230	528.017
406.370	526.002
406.510	525.816
406.650	527.744
406.790	527.748
406.940	527.157
407.080	527.470
407.220	528.330
407.360	528.114
407.500	525.393
407.640	525.460
407.780	527.506
407.930	527.846
408.070	526.829
408.210	528.058
408.350	530.591
408.490	530.175
408.630	528.273
408.770	528.420
408.920	530.065
409.060	528.684
409.200	527.383
409.340	527.630
409.480	528.571
409.620	528.303
409.770	526.625
409.910	527.092
410.050	528.815
410.190	528.505
410.330	527.862
410.470	527.999
410.620	529.093
410.760	528.471
410.900	525.824
411.040	526.223
411.180	527.391
411.320	526.684
411.470	524.550
411.610	523.486
411.750	523.666
411.890	523.687
412.030	521.468
412.170	521.381
412.320	524.890
412.460	526.175
412.600	525.894
412.740	525.385
412.880	526.551
413.020	526.801
413.170	523.206
413.310	522.244
413.450	523.911
413.590	523.644
413.730	521.572
413.880	521.136
414.020	522.458
414.160	522.627
414.300	520.360
414.440	521.265
414.580	523.699
414.730	523.129
414.870	521.454
415.010	521.368
415.150	522.346
415.290	521.432
415.440	519.412
415.580	519.897
415.720	521.614
415.860	520.912
416.000	520.625
416.150	519.994
416.290	519.978
416.430	519.372
416.570	517.623
416.710	518.571
416.860	519.983
417.000	519.954
417.140	520.287
417.280	521.351
417.420	521.780
417.570	521.715
417.710	519.360
417.850	519.460
417.990	519.886
418.130	518.607
418.280	518.271
418.420	518.017
418.560	518.266
418.700	519.287
418.840	518.809
418.990	520.633
419.130	524.481
419.270	525.043
419.410	526.481
419.560	526.946
419.700	528.612
419.840	528.843
419.980	525.882
420.120	526.355
420.270	527.800
420.410	526.787
420.550	525.375
420.690	524.233
420.840	525.376
420.980	524.575
421.120	521.840
421.260	520.796
421.400	522.716
421.550	523.310
421.690	522.302
421.830	523.487
421.970	525.560
422.120	527.986
422.260	527.178
422.400	529.156
422.540	532.093
422.690	532.551
422.830	532.460
422.970	533.625
423.110	534.000
423.250	533.755
423.400	532.302
423.540	532.333
423.680	533.711
423.820	532.787
423.970	531.451
424.110	529.681
424.250	530.426
424.390	529.524
424.540	526.461
424.680	525.435
424.820	526.600
424.960	525.882
425.110	523.780
425.250	522.733
425.390	522.492
425.530	521.593
425.680	519.310
425.820	519.399
425.960	521.060
426.100	522.144
426.250	522.229
426.390	522.605
426.530	523.760
426.670	523.561
426.820	521.667
426.960	520.913
427.100	521.698
427.240	521.423
427.390	520.373
427.530	520.613
427.670	520.975
427.820	520.900
427.960	519.867
428.100	520.259
428.240	522.789
428.390	522.691
428.530	521.830
428.670	522.859
428.810	524.504
428.960	524.935
429.100	523.147
429.240	522.846
429.380	525.092
429.530	524.140
429.670	523.033
429.810	522.459
429.960	522.481
430.100	523.037
430.240	521.238
430.380	521.286
430.530	522.593
430.670	522.042
430.810	521.743
430.960	521.687
431.100	522.092
431.240	520.886
431.380	519.371
431.530	519.629
431.670	522.163
431.810	522.380
431.960	521.551
432.100	523.563
432.240	522.738
432.380	522.676
432.530	519.873
432.670	519.233
432.810	522.051
432.960	520.469
433.100	519.746
433.240	520.067
433.380	520.796
433.530	521.226
433.670	517.967
433.810	518.680
433.960	521.725
434.100	521.424
434.240	520.305
434.390	520.623
434.530	522.619
434.670	523.023
434.810	520.385
434.960	520.973
435.100	524.202
435.240	523.876
435.390	521.979
435.530	520.785
435.670	522.359
435.820	521.980
435.960	519.386
436.100	519.194
436.250	520.193
436.390	520.567
436.530	519.400
436.680	518.287
436.820	518.746
436.960	517.832
437.100	516.411
437.250	516.686
437.390	519.093
437.530	520.550
437.680	519.710
437.820	519.909
437.960	521.549
438.110	522.143
438.250	520.079
438.390	519.262
438.540	521.297
438.680	522.006
438.820	520.779
438.970	521.091
439.110	521.709
439.250	522.521
439.400	521.075
439.540	521.110
439.680	523.807
439.830	523.141
439.970	522.426
440.110	521.408
440.260	522.017
440.400	521.422
440.540	518.864
440.690	518.396
440.830	519.527
440.970	520.585
441.120	519.106
441.260	519.291
441.400	520.509
441.550	520.193
441.690	519.162
441.830	518.951
441.980	521.864
442.120	521.810
442.260	520.650
442.410	521.550
442.550	523.031
442.690	522.779
442.840	520.326
442.980	521.369
443.130	523.087
443.270	522.088
443.410	520.996
443.560	520.312
443.700	521.498
443.840	520.813
443.990	518.237
444.130	518.232
444.270	519.887
444.420	520.102
444.560	518.253
444.700	517.051
444.850	517.939
444.990	518.136
445.140	516.214
445.280	516.124
445.420	517.108
445.570	517.844
445.710	518.438
445.850	518.626
446.000	518.201
446.140	518.102
446.290	516.612
446.430	517.363
446.570	519.468
446.720	519.854
446.860	520.098
447.000	520.404
447.150	522.728
447.290	522.104
447.440	519.734
447.580	519.237
447.720	521.911
447.870	522.080
448.010	520.345
448.150	521.313
448.300	521.471
448.440	521.499
448.590	517.742
448.730	517.081
448.870	520.744
449.020	519.872
449.160	519.317
449.300	519.013
449.450	520.420
449.590	520.260
449.740	516.461
449.880	516.288
450.020	518.032
450.170	518.503
450.310	517.332
450.460	517.668
450.600	517.532
450.740	517.264
450.890	514.656
451.030	514.149
451.180	516.021
451.320	515.843
451.460	515.935
451.610	516.257
451.750	517.339
451.900	516.879
452.040	514.794
452.180	514.563
452.330	515.869
452.470	515.234
452.620	513.804
452.760	513.526
452.900	514.091
453.050	513.385
453.190	511.435
453.340	510.602
453.480	513.052
453.630	513.126
453.770	511.488
453.910	512.949
454.060	513.941
454.200	514.021
454.350	511.186
454.490	511.440
454.630	513.554
454.780	512.922
454.920	510.967
455.070	511.911
455.210	513.765
455.360	514.056
455.500	514.068
455.640	513.425
455.790	517.138
455.930	517.420
456.080	516.234
456.220	516.282
456.370	517.675
456.510	518.742
456.650	516.022
456.800	516.163
456.940	519.584
457.090	519.574
457.230	516.468
457.380	517.287
457.520	519.343
457.660	518.961
457.810	516.068
457.950	516.325
458.100	520.082
458.240	519.296
458.390	518.310
458.530	518.748
458.680	519.994
458.820	519.325
458.960	516.723
459.110	517.073
459.250	518.772
459.400	519.386
459.540	517.780
459.690	518.548
459.830	520.276
459.980	520.493
460.120	520.012
460.260	520.160
460.410	524.046
460.550	524.395
460.700	523.395
460.840	523.552
460.990	523.047
461.130	522.629
461.280	519.709
461.420	519.207
461.570	520.586
461.710	519.506
461.850	518.972
462.000	518.391
462.140	518.552
462.290	518.728
462.430	516.032
462.580	516.135
462.720	517.186
462.870	517.106
463.010	516.045
463.160	515.869
463.300	517.831
463.450	517.155
463.590	515.501
463.740	515.347
463.880	517.762
464.020	517.390
464.170	515.779
464.310	516.391
464.460	517.421
464.600	518.857
464.750	516.579
464.890	516.602
465.040	519.533
465.180	519.882
465.330	519.964
465.470	519.025
465.620	520.590
465.760	521.607
465.910	519.310
466.050	520.190
466.200	521.684
466.340	521.995
466.490	521.260
466.630	520.291
466.780	521.059
466.920	521.349
467.070	519.892
467.210	519.363
467.360	521.268
467.500	521.864
467.650	521.317
467.790	520.130
467.940	519.850
468.080	519.655
468.230	516.932
468.370	516.540
468.520	518.212
468.660	517.942
468.810	517.093
468.950	516.612
469.100	517.265
469.240	517.504
469.390	514.425
469.530	514.161
469.680	517.222
469.820	518.194
469.970	517.324
470.110	516.168
470.260	517.636
470.400	517.192
470.550	514.645
470.690	513.210
470.840	515.169
470.980	515.762
471.130	515.382
471.270	515.419
471.420	515.260
471.560	516.022
471.710	513.967
471.850	513.871
472.000	515.795
472.140	517.091
472.290	518.198
472.430	518.306
472.580	518.562
472.720	518.494
472.870	516.614
473.010	517.102
473.160	517.288
473.300	517.465
473.450	518.263
473.590	518.366
473.740	519.302
473.890	519.341
474.030	518.021
474.180	517.997
474.320	520.196
474.470	520.497
474.610	519.295
474.760	519.392
474.900	519.884
475.050	519.908
475.190	516.349
475.340	516.047
475.480	518.374
475.630	517.180
475.770	516.669
475.920	516.404
476.070	518.402
476.210	518.541
476.360	517.078
476.500	516.888
476.650	519.616
476.790	521.849
476.940	521.167
477.080	521.796
477.230	522.303
477.370	522.445
477.520	520.547
477.670	519.726
477.810	521.683
477.960	520.808
478.100	519.704
478.250	520.350
478.390	519.782
478.540	518.832
478.680	515.600
478.830	515.688
478.980	517.059
479.120	516.235
479.270	515.491
479.410	515.031
479.560	515.949
479.700	516.210
479.850	513.738
479.990	514.045
480.140	516.538
480.290	516.659
480.430	516.155
480.580	516.961
480.720	518.433
480.870	519.552
481.010	517.322
481.160	517.636
481.310	519.695
481.450	519.536
481.600	518.879
481.740	517.326
481.890	518.090
482.030	517.981
482.180	515.594
482.330	515.367
482.470	516.374
482.620	517.606
482.760	515.527
482.910	515.647
483.060	516.896
483.200	516.755
483.350	515.023
483.490	514.340
483.640	518.131
483.780	517.988
483.930	517.389
484.080	517.181
484.220	517.962
484.370	518.961
484.510	516.858
484.660	517.425
484.810	520.611
484.950	521.049
485.100	521.846
485.240	521.944
485.390	523.477
485.540	523.834
485.680	521.578
485.830	522.276
485.970	525.209
486.120	524.432
486.270	522.412
486.410	521.441
486.560	522.388
486.700	522.267
486.850	519.009
487.000	519.014
487.140	521.564
487.290	522.027
487.430	520.129
487.580	520.370
487.730	520.652
487.870	519.641
488.020	516.816
488.160	516.095
488.310	517.542
488.460	516.106
488.600	514.886
488.750	515.251
488.890	516.133
489.040	516.162
489.190	514.217
489.330	513.553
489.480	515.945
489.630	515.725
489.770	514.698
489.920	514.875
490.060	515.487
490.210	516.371
490.360	514.836
490.500	515.389
490.650	518.198
490.790	518.388
490.940	518.032
491.090	518.253
491.230	518.570
491.380	519.002
491.530	516.641
491.670	516.618
491.820	517.856
491.970	517.958
492.110	517.021
492.260	516.083
492.400	517.377
492.550	518.171
492.700	516.529
492.840	516.667
492.990	519.145
493.140	519.840
493.280	518.959
493.430	518.362
493.580	519.873
493.720	519.272
493.870	516.948
494.010	516.394
494.160	520.022
494.310	519.852
494.450	518.233
494.600	518.306
494.750	518.661
494.890	518.746
495.040	515.850
495.190	516.054
495.330	520.559
495.480	521.203
495.630	520.857
495.770	521.626
495.920	522.400
496.070	522.355
496.210	518.081
496.360	517.774
496.510	518.417
496.650	517.383
496.800	515.183
496.940	514.314
497.090	514.188
497.240	514.024
497.380	512.610
497.530	512.619
497.680	515.928
497.820	516.430
497.970	516.689
498.120	516.557
498.260	517.951
498.410	518.764
498.560	515.974
498.700	516.108
498.850	517.891
499.000	518.217
499.140	517.385
499.290	517.457
499.440	518.210
499.590	518.464
499.730	515.964
499.880	515.658
500.030	517.981
500.170	517.260
500.320	516.443
500.470	515.961
500.610	517.606
500.760	517.359
500.910	515.370
501.050	515.611
501.200	516.487
501.350	516.489
501.490	515.797
501.640	515.695
501.790	515.578
501.930	514.689
502.080	513.260
502.230	514.088
502.370	516.129
502.520	516.497
502.670	516.845
502.820	518.926
502.960	521.320
503.110	521.238
503.260	518.687
503.400	519.228
503.550	520.602
503.700	519.414
503.840	517.102
503.990	516.508
504.140	518.239
504.290	518.248
504.430	516.357
504.580	516.054
504.730	518.924
504.870	519.211
505.020	518.282
505.170	517.598
505.310	517.615
505.460	518.376
505.610	515.046
505.760	515.513
505.900	517.225
506.050	516.931
506.200	516.862
506.340	515.963
506.490	517.826
506.640	517.282
506.790	514.969
506.930	515.258
507.080	518.089
507.230	519.069
507.370	517.807
507.520	517.921
507.670	519.570
507.820	520.544
507.960	517.424
508.110	516.616
508.260	519.633
508.400	519.532
508.550	518.209
508.700	516.832
508.850	518.051
508.990	518.621
509.140	515.564
509.290	515.857
509.440	518.897
509.580	519.581
509.730	518.605
509.880	519.479
510.030	521.274
510.170	521.469
510.320	519.041
510.470	518.749
510.610	520.126
510.760	519.382
510.910	517.458
511.060	517.234
511.200	517.570
511.350	517.254
511.500	515.517
511.650	514.485
511.790	516.554
511.940	515.599
512.090	513.937
512.240	513.222
512.380	514.536
512.530	514.397
512.680	511.489
512.830	510.801
512.970	514.617
513.120	515.538
513.270	514.803
513.420	515.141
513.560	517.852
513.710	519.498
513.860	516.669
514.010	516.967
514.150	520.140
514.300	520.466
514.450	518.966
514.600	518.304
514.740	518.875
514.890	518.651
515.040	514.437
515.190	514.632
515.330	516.256
515.480	516.496
515.630	515.668
515.780	516.256
515.930	519.099
516.070	520.910
516.220	520.160
516.370	521.058
516.520	523.235
516.660	523.426
516.810	521.951
516.960	520.376
517.110	521.340
517.250	521.791
517.400	520.503
517.550	521.291
517.700	524.996
517.850	525.633
517.990	525.391
518.140	525.546
518.290	525.473
518.440	524.539
518.580	520.745
518.730	520.564
518.880	522.075
519.030	521.439
519.180	520.718
519.320	520.964
519.470	521.613
519.620	521.718
519.770	518.412
519.920	517.736
520.060	518.670
520.210	517.576
520.360	516.332
520.510	515.555
520.650	517.388
520.800	516.955
520.950	516.911
521.100	517.238
521.250	520.786
521.390	520.693
521.540	518.978
521.690	519.360
521.840	518.984
521.990	519.221
522.130	515.424
522.280	514.700
522.430	517.144
522.580	516.879
522.730	516.396
522.870	515.627
523.020	516.892
523.170	516.515
523.320	514.638
523.470	514.229
523.620	516.457
523.760	516.758
523.910	515.532
524.060	516.139
524.210	516.282
524.360	516.889
524.500	514.464
524.650	514.683
524.800	517.542
524.950	517.721
525.100	517.364
525.240	517.789
525.390	518.113
525.540	518.377
525.690	515.456
525.840	515.236
525.990	516.857
526.130	516.591
526.280	515.083
526.430	514.190
526.580	515.307
526.730	515.497
526.880	513.141
527.020	513.021
527.170	515.745
527.320	515.860
527.470	515.098
527.620	515.036
527.770	516.341
527.910	515.583
528.060	514.354
528.210	515.093
528.360	517.826
528.510	519.293
528.660	518.954
528.800	519.390
528.950	519.918
529.100	519.099
529.250	516.519
529.400	516.093
529.550	516.903
529.690	516.917
529.840	515.312
529.990	514.605
530.140	516.366
530.290	514.769
530.440	513.536
530.580	513.471
530.730	516.180
530.880	517.303
531.030	514.676
531.180	515.604
531.330	515.800
531.480	516.006
531.620	513.188
531.770	512.789
531.920	515.311
532.070	514.474
532.220	514.276
532.370	514.011
532.520	514.775
532.660	514.754
532.810	512.472
532.960	512.002
533.110	514.113
533.260	513.751
533.410	513.323
533.560	513.358
533.710	514.669
533.850	515.704
534.000	514.061
534.150	513.842
534.300	516.497
534.450	516.814
534.600	516.234
534.750	516.366
534.890	516.831
535.040	517.960
535.190	515.531
535.340	515.759
535.490	518.051
535.640	517.224
535.790	515.577
535.940	514.767
536.080	515.778
536.230	515.416
536.380	512.212
536.530	512.283
536.680	514.343
536.830	513.643
536.980	512.503
537.130	511.829
537.280	512.638
537.420	512.430
537.570	510.272
537.720	511.877
537.870	515.032
538.020	515.689
538.170	514.672
538.320	515.396
538.470	516.517
538.620	515.578
538.760	513.209
538.910	513.261
539.060	514.212
539.210	513.623
539.360	512.305
539.510	513.251
539.660	514.433
539.810	514.042
539.960	514.026
540.110	515.470
540.250	519.181
540.400	519.496
540.550	518.592
540.700	519.017
540.850	520.252
541.000	519.771
541.150	516.832
541.300	515.289
541.450	515.907
541.600	516.361
541.740	514.577
541.890	514.929
542.040	514.926
542.190	515.552
542.340	513.874
542.490	513.063
542.640	516.077
542.790	515.786
542.940	515.580
543.090	515.571
543.240	517.835
543.390	518.900
543.530	516.007
543.680	515.538
543.830	518.026
543.980	517.339
544.130	514.857
544.280	514.100
544.430	514.493
544.580	514.207
544.730	512.040
544.880	512.600
545.030	515.971
545.180	515.944
545.330	515.967
545.480	515.958
545.620	515.773
545.770	516.087
545.920	512.824
546.070	512.523
546.220	513.738
546.370	513.080
546.520	511.834
546.670	510.955
546.820	510.831
546.970	510.672
547.120	508.554
547.270	508.686
547.420	511.446
547.570	511.213
547.720	511.182
547.870	511.459
548.010	512.573
548.160	513.504
548.310	511.648
548.460	512.290
548.610	514.167
548.760	514.366
548.910	514.064
549.060	513.813
549.210	515.142
549.360	514.746
549.510	512.716
549.660	513.448
549.810	515.726
549.960	516.211
550.110	515.265
550.260	516.629
550.410	518.188
550.560	517.893
550.710	515.998
550.860	516.234
551.010	519.366
551.160	517.982
551.300	517.799
551.450	518.484
551.600	519.270
551.750	519.733
551.900	517.395
552.050	519.886
552.200	523.005
552.350	523.146
552.500	522.824
552.650	523.298
552.800	524.834
552.950	523.675
553.100	520.531
553.250	519.792
553.400	521.783
553.550	520.921
553.700	519.277
553.850	518.870
554.000	519.097
554.150	518.959
554.300	515.548
554.450	514.395
554.600	516.190
554.750	516.174
554.900	515.546
555.050	515.292
555.200	516.554
555.350	517.500
555.500	515.068
555.650	514.456
555.800	516.581
555.950	516.608
556.100	516.133
556.250	514.987
556.400	515.952
556.550	516.965
556.700	515.316
556.850	515.099
557.000	516.783
557.150	517.936
557.300	516.492
557.450	515.397
557.600	515.405
557.750	515.729
557.900	514.383
558.050	514.165
558.200	515.697
558.350	516.319
558.500	516.417
558.650	517.368
558.800	519.000
558.950	519.023
559.100	518.892
559.250	519.483
559.400	521.691
559.550	521.367
559.700	519.923
559.850	520.193
560.000	520.812
560.150	519.927
560.300	517.120
560.450	517.174
560.600	518.869
560.750	518.651
560.900	518.190
561.050	519.825
561.200	520.375
561.350	520.050
561.500	519.607
561.650	519.330
561.800	520.682
561.950	518.591
562.100	518.286
562.250	518.449
562.400	517.039
562.550	518.267
562.700	515.737
562.850	516.279
563.000	517.014
563.150	516.245
563.300	516.306
563.450	515.315
563.600	515.512
563.750	515.587
563.900	514.629
564.050	515.390
564.200	517.060
564.350	516.847
564.500	515.849
564.660	516.545
564.810	517.511
564.960	516.743
565.110	515.126
565.260	515.641
565.410	518.574
565.560	517.482
565.710	516.500
565.860	517.084
566.010	517.001
566.160	516.779
566.310	514.854
566.460	515.251
566.610	518.141
566.760	516.905
566.910	516.793
567.060	516.435
567.210	517.221
567.360	517.996
567.510	515.392
567.660	517.115
567.810	518.019
567.970	518.585
568.120	517.973
568.270	516.894
568.420	517.155
568.570	516.507
568.720	516.241
568.870	517.757
569.020	524.089
569.170	529.930
569.320	533.854
569.470	538.058
569.620	541.619
569.770	543.547
569.920	540.686
570.070	538.427
570.220	538.976
570.380	536.301
570.530	534.915
570.680	533.521
570.830	533.374
570.980	530.916
571.130	527.441
571.280	526.713
571.430	527.578
571.580	525.914
571.730	523.129
571.880	523.781
572.030	524.229
572.180	524.155
572.340	521.005
572.490	521.074
572.640	523.411
572.790	523.067
572.940	521.543
573.090	520.989
573.240	521.164
573.390	520.405
573.540	517.239
573.690	515.697
573.840	517.071
573.990	516.372
574.150	514.665
574.300	514.630
574.450	514.782
574.600	515.178
574.750	512.319
574.900	511.342
575.050	513.860
575.200	513.525
575.350	513.364
575.500	514.078
575.650	515.633
575.810	517.778
575.960	514.932
576.110	515.155
576.260	517.360
576.410	516.928
576.560	516.321
576.710	515.080
576.860	516.673
577.010	517.442
577.160	515.289
577.320	515.421
577.470	516.782
577.620	516.981
577.770	516.423
577.920	515.582
578.070	517.570
578.220	517.014
578.370	515.468
578.520	516.171
578.680	519.170
578.830	520.657
578.980	519.141
579.130	519.236
579.280	520.962
579.430	521.731
579.580	519.635
579.730	519.309
579.890	520.585
580.040	521.218
580.190	520.983
580.340	519.572
580.490	519.226
580.640	519.462
580.790	517.736
580.940	517.676
581.100	519.986
581.250	520.703
581.400	519.983
581.550	518.187
581.700	519.664
581.850	519.674
582.000	516.500
582.150	516.456
582.310	519.858
582.460	520.427
582.610	518.698
582.760	518.550
582.910	518.699
583.060	517.715
583.210	514.552
583.370	515.126
583.520	517.838
583.670	517.705
583.820	517.540
583.970	519.297
584.120	519.705
584.270	519.409
584.430	517.599
584.580	517.892
584.730	520.685
584.880	520.240
585.030	520.840
585.180	521.451
585.330	523.376
585.490	524.475
585.640	522.859
585.790	523.546
585.940	527.397
586.090	529.376
586.240	530.130
586.390	532.814
586.550	535.802
586.700	538.628
586.850	538.970
587.000	544.006
587.150	560.666
587.300	630.649
587.460	775.926
587.610	941.915
587.760	1113.190
587.910	1300.214
588.060	1514.047
588.210	1678.514
588.370	1755.131
588.520	1792.182
588.670	1811.378
588.820	1801.728
588.970	1739.113
589.120	1658.938
589.280	1579.691
589.430	1513.570
589.580	1449.090
589.730	1381.432
589.880	1319.537
590.030	1264.274
590.190	1212.222
590.340	1159.148
590.490	1108.078
590.640	1068.490
590.790	1035.918
590.950	1000.373
591.100	966.881
591.250	941.539
591.400	925.947
591.550	907.648
591.700	882.622
591.860	861.907
592.010	846.503
592.160	823.753
592.310	791.959
592.460	760.111
592.620	731.648
592.770	704.055
592.920	672.598
593.070	645.257
593.220	624.628
593.380	604.862
593.530	588.717
593.680	575.275
593.830	566.326
593.980	557.953
594.140	547.780
594.290	542.177
594.440	539.018
594.590	534.742
594.740	529.839
594.900	525.969
595.050	525.077
595.200	523.350
595.350	520.609
595.500	519.158
595.660	521.123
595.810	520.611
595.960	519.997
596.110	519.442
596.260	519.309
596.420	519.330
596.570	515.645
596.720	514.769
596.870	515.009
597.020	514.546
597.180	513.853
597.330	513.705
597.480	514.545
597.630	514.972
597.790	514.220
597.940	514.244
598.090	516.526
598.240	516.709
598.390	516.683
598.550	517.142
598.700	516.962
598.850	517.200
599.000	513.907
599.160	513.182
599.310	515.077
599.460	514.980
599.610	514.662
599.760	514.261
599.920	515.765
600.070	515.729
600.220	513.747
600.370	513.837
600.530	518.548
600.680	518.264
600.830	517.890
600.980	519.074
601.140	518.857
601.290	518.402
601.440	513.845
601.590	514.278
601.750	515.130
601.900	513.753
602.050	512.425
602.200	512.747
602.360	513.378
602.510	513.908
602.660	512.563
602.810	512.945
602.960	516.011
603.120	516.232
603.270	514.773
603.420	514.341
603.570	514.316
603.730	513.215
603.880	510.901
604.030	511.037
604.180	514.211
604.340	513.200
604.490	512.762
604.640	513.924
604.800	515.015
604.950	514.239
605.100	511.647
605.250	512.178
605.410	513.970
605.560	513.871
605.710	512.539
605.860	511.934
606.020	511.554
606.170	511.368
606.320	508.340
606.470	508.142
606.630	510.481
606.780	510.673
606.930	510.219
607.080	510.434
607.240	511.851
607.390	511.985
607.540	508.766
607.700	509.159
607.850	513.704
608.000	514.349
608.150	513.046
608.310	512.334
608.460	514.128
608.610	514.551
608.760	510.912
608.920	509.663
609.070	513.047
609.220	513.571
609.380	513.292
609.530	512.244
609.680	512.965
609.830	513.611
609.990	510.434
610.140	512.022
610.290	515.061
610.450	516.072
610.600	515.054
610.750	515.949
610.900	518.629
611.060	518.369
611.210	516.275
611.360	517.938
611.520	522.844
611.670	524.733
611.820	524.533
611.970	525.508
612.130	526.932
612.280	527.837
612.430	526.076
612.590	526.127
612.740	529.277
612.890	529.336
613.050	529.154
613.200	528.890
613.350	529.101
613.500	528.937
613.660	526.362
613.810	526.229
613.960	527.730
614.120	526.904
614.270	525.123
614.420	524.263
614.580	524.168
614.730	523.998
614.880	521.568
615.040	521.982
615.190	525.310
615.340	525.574
615.500	524.724
615.650	524.889
615.800	525.437
615.950	525.579
616.110	522.635
616.260	522.746
616.410	525.353
616.570	525.901
616.720	526.755
616.870	528.042
617.030	531.003
617.180	532.037
617.330	531.035
617.490	531.536
617.640	534.617
617.790	533.679
617.950	533.154
618.100	532.817
618.250	533.788
618.410	534.513
618.560	532.072
618.710	532.486
618.870	533.636
619.020	534.276
619.170	533.963
619.330	533.658
619.480	534.946
619.630	536.851
619.790	534.940
619.940	536.061
620.090	539.016
620.250	539.265
620.400	538.758
620.550	537.707
620.710	538.330
620.860	537.285
621.010	534.559
621.170	534.313
621.320	535.346
621.470	534.391
621.630	533.212
621.780	532.219
621.930	531.573
622.090	530.855
622.240	528.101
622.400	527.168
622.550	528.514
622.700	529.055
622.860	528.108
623.010	528.168
623.160	529.007
623.320	529.308
623.470	527.533
623.620	526.890
623.780	529.423
623.930	528.378
624.080	527.974
624.240	527.881
624.390	529.262
624.550	528.973
624.700	527.432
624.850	527.406
625.010	528.805
625.160	528.934
625.310	526.701
625.470	526.963
625.620	525.753
625.770	526.237
625.930	523.752
626.080	522.220
626.240	522.959
626.390	522.380
626.540	521.774
626.700	520.649
626.850	520.466
627.000	520.937
627.160	520.044
627.310	519.814
627.470	521.863
627.620	521.021
627.770	520.583
627.930	521.071
628.080	521.508
628.230	521.062
628.390	518.805
628.540	519.304
628.700	521.834
628.850	520.871
629.000	519.906
629.160	520.211
629.310	520.256
629.470	520.589
629.620	518.976
629.770	518.321
629.930	520.514
630.080	519.245
630.240	519.301
630.390	519.070
630.540	518.920
630.700	518.970
630.850	516.923
631.010	517.249
631.160	518.484
631.310	518.221
631.470	516.833
631.620	517.503
631.780	518.084
631.930	517.777
632.080	515.290
632.240	514.568
632.390	517.149
632.550	516.989
632.700	515.426
632.850	516.169
633.010	517.796
633.160	518.304
633.320	515.206
633.470	514.584
633.620	517.774
633.780	516.528
633.930	514.999
634.090	515.511
634.240	516.611
634.390	517.531
634.550	515.079
634.700	515.591
634.860	517.749
635.010	516.934
635.170	517.068
635.320	516.878
635.470	517.491
635.630	518.187
635.780	516.101
635.940	515.850
636.090	516.016
636.250	515.112
636.400	513.851
636.550	513.403
636.710	514.108
636.860	513.658
637.020	512.198
637.170	511.777
637.330	514.409
637.480	514.386
637.630	513.564
637.790	514.093
637.940	516.009
638.100	516.297
638.250	513.692
638.410	513.460
638.560	515.992
638.710	516.977
638.870	515.593
639.020	516.384
639.180	517.261
639.330	517.764
639.490	515.176
639.640	515.109
639.800	517.308
639.950	516.949
640.100	516.102
640.260	515.626
640.410	516.690
640.570	515.410
640.720	513.491
640.880	513.247
641.030	515.210
641.190	515.139
641.340	514.902
641.500	515.370
641.650	515.641
641.800	516.072
641.960	513.180
642.110	512.941
642.270	514.051
642.420	513.105
642.580	512.713
642.730	512.727
642.890	513.516
643.040	512.738
643.200	510.414
643.350	511.149
643.500	511.435
643.660	511.847
643.810	512.187
643.970	512.386
644.120	514.203
644.280	513.488
644.430	512.023
644.590	511.361
644.740	513.617
644.900	513.892
645.050	512.293
645.210	512.975
645.360	514.141
645.520	513.867
645.670	510.998
645.830	511.564
645.980	513.859
646.140	513.763
646.290	512.910
646.440	512.312
646.600	513.177
646.750	512.410
646.910	510.037
647.060	509.069
647.220	511.782
647.370	512.678
647.530	511.024
647.680	511.616
647.840	513.064
647.990	514.692
648.150	512.700
648.300	512.615
648.460	516.238
648.610	516.847
648.770	515.828
648.920	515.436
649.080	514.866
649.230	514.534
649.390	511.405
649.540	510.208
649.700	512.260
649.850	511.945
650.010	512.898
650.160	513.035
650.320	514.193
650.470	514.131
650.630	512.478
650.780	512.595
650.940	513.481
651.090	512.253
651.250	511.265
651.400	512.091
651.560	512.145
651.710	511.373
651.870	509.411
652.020	511.005
652.180	512.941
652.330	511.632
652.490	511.440
652.640	512.371
652.800	513.565
652.950	513.066
653.110	510.384
653.260	511.930
653.420	514.393
653.570	513.625
653.730	512.175
653.890	512.205
654.040	513.839
654.200	514.239
654.350	511.165
654.510	512.674
654.660	516.353
654.820	519.047
654.970	520.727
655.130	522.341
655.280	526.063
655.440	527.393
655.590	526.783
655.750	527.767
655.900	529.538
656.060	528.795
656.210	527.687
656.370	526.772
656.520	526.733
656.680	525.191
656.840	522.968
656.990	522.634
657.150	524.795
657.300	525.256
657.460	523.627
657.610	523.348
657.770	524.484
657.920	524.428
658.080	521.643
658.230	521.581
658.390	524.319
658.550	524.660
658.700	522.336
658.860	522.239
659.010	522.370
659.170	521.140
659.320	518.636
659.480	518.044
659.630	520.298
659.790	519.305
659.940	518.844
660.100	520.795
660.260	521.237
660.410	520.557
660.570	518.700
660.720	519.103
660.880	520.293
661.030	518.969
661.190	517.037
661.340	516.887
661.500	517.551
661.660	516.640
661.810	513.502
661.970	512.885
662.120	515.033
662.280	514.801
662.430	512.528
662.590	513.241
662.750	513.860
662.900	511.765
663.060	509.013
663.210	507.671
663.370	510.580
663.520	509.268
663.680	508.756
663.840	510.300
663.990	510.938
664.150	511.027
664.300	508.806
664.460	508.748
664.610	511.351
664.770	510.621
664.930	510.064
665.080	510.735
665.240	510.936
665.390	511.550
665.550	509.299
665.700	509.262
665.860	511.493
666.020	510.532
666.170	510.354
666.330	510.384
666.480	510.824
666.640	510.727
666.800	508.772
666.950	508.932
667.110	511.333
667.260	509.835
667.420	508.846
667.580	509.738
667.730	511.216
667.890	511.496
668.040	508.785
668.200	508.858
668.360	511.952
668.510	512.167
668.670	510.909
668.820	510.970
668.980	511.339
669.140	513.255
669.290	510.802
669.450	511.013
669.600	514.227
669.760	514.537
669.920	513.906
670.070	513.313
670.230	513.982
670.380	514.296
670.540	512.294
670.700	513.157
670.850	515.377
671.010	515.667
671.160	514.246
671.320	513.696
671.480	513.402
671.630	512.572
671.790	510.952
671.940	511.672
672.100	514.739
672.260	514.659
672.410	513.336
672.570	514.140
672.730	514.809
672.880	514.435
673.040	511.273
673.190	511.057
673.350	513.704
673.510	513.094
673.660	511.401
673.820	510.785
673.980	512.135
674.130	511.668
674.290	509.136
674.440	508.751
674.600	511.882
674.760	512.424
674.910	512.086
675.070	513.701
675.230	514.115
675.380	515.939
675.540	513.660
675.700	513.011
675.850	513.873
676.010	513.815
676.160	514.612
676.320	513.327
676.480	513.959
676.630	514.791
676.790	514.291
676.950	513.902
677.100	515.653
677.260	516.555
677.420	516.734
677.570	516.693
677.730	517.447
677.890	517.423
678.040	516.714
678.200	516.231
678.350	518.599
678.510	518.676
678.670	517.601
678.820	518.712
678.980	519.003
679.140	518.743
679.290	517.109
679.450	517.382
679.610	520.973
679.760	520.125
679.920	518.696
680.080	518.956
680.230	518.765
680.390	518.068
680.550	515.320
680.700	515.391
680.860	517.842
681.020	517.762
681.170	517.086
681.330	517.947
681.490	517.699
681.640	517.405
681.800	513.865
681.960	514.007
682.110	515.935
682.270	515.793
682.430	515.931
682.580	515.570
682.740	516.833
682.900	517.853
683.050	516.292
683.210	516.111
683.370	517.720
683.520	518.383
683.680	517.949
683.840	517.148
683.990	517.193
684.150	517.216
684.310	514.815
684.460	514.357
684.620	516.290
684.780	515.024
684.940	513.589
685.090	512.543
685.250	512.658
685.410	512.722
685.560	510.036
685.720	509.773
685.880	511.648
686.030	512.110
686.190	511.165
686.350	509.979
686.500	510.932
686.660	511.609
686.820	509.708
686.980	509.072
687.130	511.978
687.290	512.858
687.450	512.906
687.600	513.425
687.760	514.692
687.920	516.016
688.070	512.769
688.230	512.865
688.390	515.434
688.550	515.839
688.700	515.368
688.860	515.377
689.020	518.454
689.170	519.581
689.330	517.126
689.490	517.380
689.640	519.852
689.800	519.960
689.960	517.522
690.120	517.284
690.270	517.798
690.430	517.513
690.590	515.756
690.740	515.525
690.900	518.295
691.060	518.300
691.220	517.401
691.370	517.676
691.530	517.673
691.690	518.346
691.840	515.585
692.000	514.546
692.160	517.219
692.320	516.189
692.470	514.246
692.630	512.933
692.790	513.726
692.950	514.327
693.100	511.391
693.260	511.825
693.420	513.838
693.570	513.945
693.730	513.119
693.890	512.058
694.050	513.218
694.200	512.195
694.360	511.447
694.520	511.611
694.680	514.731
694.830	516.054
694.990	514.619
695.150	515.953
695.310	516.401
695.460	517.336
695.620	514.231
695.780	513.859
695.940	515.212
696.090	514.847
696.250	513.634
696.410	512.814
696.570	513.908
696.720	513.839
696.880	512.553
697.040	513.005
697.200	516.537
697.350	516.877
697.510	516.357
697.670	515.941
697.830	517.659
697.980	517.196
698.140	514.507
698.300	514.382
698.460	516.483
698.610	516.496
698.770	515.875
698.930	516.644
699.090	517.474
699.240	517.993
699.400	516.194
699.560	518.552
699.720	521.560
699.870	521.445
700.030	520.984
700.190	520.989
700.350	522.822
700.500	521.548
700.660	519.139
700.820	518.901
700.980	521.158
701.140	519.882
701.290	518.266
701.450	517.857
701.610	516.921
701.770	516.838
701.920	513.510
702.080	514.417
702.240	515.965
702.400	515.501
702.550	515.870
702.710	515.779
702.870	517.764
703.030	517.846
703.190	515.050
703.340	515.212
703.500	516.271
703.660	515.239
703.820	513.782
703.980	513.196
704.130	515.702
704.290	516.563
704.450	514.748
704.610	516.569
704.760	519.079
704.920	519.372
705.080	517.364
705.240	517.226
705.400	518.425
705.550	517.725
705.710	514.894
705.870	514.923
706.030	516.346
706.190	516.547
706.340	515.483
706.500	515.263
706.660	517.042
706.820	516.450
706.980	515.401
707.130	514.683
707.290	517.220
707.450	517.284
707.610	515.523
707.770	517.119
707.920	518.133
708.080	517.876
708.240	514.878
708.400	514.555
708.560	518.104
708.710	516.424
708.870	515.341
709.030	515.286
709.190	516.140
709.350	516.743
709.510	512.535
709.660	512.542
709.820	515.194
709.980	515.316
710.140	515.342
710.300	514.867
710.450	517.658
710.610	518.374
710.770	516.567
710.930	517.286
711.090	520.015
711.250	520.342
711.400	518.993
711.560	520.685
711.720	522.026
711.880	521.877
712.040	520.055
712.190	521.446
712.350	524.049
712.510	523.131
712.670	521.423
712.830	521.375
712.990	521.258
713.140	520.328
713.300	517.210
713.460	516.883
713.620	519.120
713.780	519.461
713.940	518.270
714.090	517.383
714.250	518.844
714.410	519.249
714.570	517.306
714.730	517.077
714.890	520.074
715.050	520.953
715.200	520.121
715.360	519.792
715.520	520.733
715.680	520.598
715.840	518.972
716.000	518.718
716.150	519.695
716.310	519.478
716.470	517.956
716.630	518.314
716.790	517.271
716.950	516.343
717.110	514.646
717.260	514.443
717.420	517.200
717.580	516.261
717.740	516.663
717.900	517.443
718.060	518.886
718.220	519.197
718.370	516.896
718.530	517.763
718.690	520.059
718.850	520.282
719.010	518.461
719.170	518.447
719.330	519.674
719.480	519.575
719.640	515.985
719.800	515.549
719.960	518.894
720.120	518.789
720.280	517.627
720.440	518.758
720.600	519.802
720.750	520.643
720.910	518.665
721.070	520.018
721.230	522.044
721.390	521.697
721.550	521.779
721.710	521.555
721.870	522.254
722.020	521.257
722.180	518.722
722.340	517.379
722.500	518.815
722.660	518.330
722.820	517.000
722.980	516.104
723.140	517.684
723.300	517.803
723.450	516.993
723.610	517.271
723.770	519.432
723.930	519.708
724.090	518.673
724.250	519.507
724.410	519.145
724.570	518.351
724.730	516.680
724.880	516.987
725.040	519.325
725.200	518.244
725.360	518.872
725.520	519.410
725.680	520.131
725.840	519.116
726.000	516.107
726.160	516.221
726.320	516.044
726.470	515.529
726.630	514.283
726.790	515.644
726.950	516.357
727.110	516.169
727.270	515.053
727.430	516.455
727.590	519.834
727.750	519.652
727.910	519.088
728.060	519.616
728.220	520.604
728.380	520.863
728.540	517.893
728.700	518.406
728.860	521.053
729.020	520.065
729.180	519.262
729.340	518.607
729.500	518.354
729.660	517.295
729.820	514.462
729.970	515.425
730.130	518.431
730.290	518.424
730.450	517.458
730.610	518.155
730.770	520.499
730.930	520.515
731.090	518.150
731.250	517.734
731.410	520.905
731.570	520.464
731.730	518.170
731.890	518.366
732.050	519.267
732.200	519.370
732.360	517.067
732.520	517.322
732.680	520.308
732.840	521.276
733.000	519.313
733.160	520.799
733.320	522.347
733.480	523.022
733.640	520.060
733.800	519.358
733.960	522.835
734.120	521.820
734.280	520.663
734.440	520.194
734.600	521.006
734.750	520.847
734.910	517.039
735.070	516.641
735.230	518.675
735.390	518.001
735.550	517.600
735.710	518.242
735.870	519.833
736.030	519.714
736.190	516.972
736.350	517.660
736.510	518.693
736.670	517.843
736.830	516.016
736.990	516.327
737.150	516.294
737.310	516.297
737.470	514.272
737.630	514.087
