209.920	519.150
210.050	523.179
210.180	524.516
210.310	524.561
210.430	524.411
210.560	528.737
210.690	528.264
210.820	526.672
210.950	525.759
211.080	526.095
211.210	527.057
211.340	523.895
211.470	524.489
211.600	526.436
211.730	527.661
211.860	527.494
211.990	527.470
212.120	528.714
212.250	528.607
212.380	526.804
212.510	527.054
212.640	529.250
212.770	529.057
212.890	528.188
213.020	528.432
213.150	529.344
213.280	529.743
213.410	525.906
213.540	526.165
213.670	527.844
213.800	527.691
213.930	526.114
214.060	525.693
214.190	526.510
214.320	526.059
214.450	524.397
214.580	523.634
214.710	526.972
214.840	526.779
214.970	527.431
215.100	526.901
215.230	527.192
215.360	527.007
215.490	523.819
215.620	522.996
215.750	524.074
215.880	524.417
216.010	523.819
216.140	524.066
216.270	524.961
216.400	525.403
216.530	523.452
216.660	523.009
216.790	525.217
216.920	524.504
217.050	523.680
217.180	522.360
217.310	522.488
217.440	523.259
217.570	520.436
217.700	520.193
217.820	520.803
217.950	521.189
218.080	521.389
218.210	519.765
218.340	519.876
218.470	520.793
218.600	519.528
218.730	519.177
218.860	520.458
218.990	521.039
219.120	520.791
219.250	520.572
219.380	520.994
219.510	521.732
219.640	519.803
219.770	519.827
219.900	521.630
220.030	521.035
220.160	521.821
220.290	521.383
220.420	522.090
220.550	522.051
220.680	520.689
220.810	521.776
220.940	523.544
221.070	523.868
221.200	523.275
221.340	523.841
221.470	523.800
221.600	523.394
221.730	520.525
221.860	520.285
221.990	521.850
222.120	520.832
222.250	520.099
222.380	519.299
222.510	519.779
222.640	520.133
222.770	517.749
222.900	519.251
223.030	521.601
223.160	522.674
223.290	522.337
223.420	523.047
223.550	524.719
223.680	523.071
223.810	520.604
223.940	520.325
224.070	521.551
224.200	520.288
224.330	518.385
224.460	518.478
224.590	518.530
224.720	518.367
224.850	517.495
224.980	517.641
225.110	521.210
225.240	522.713
225.370	523.157
225.500	523.274
225.630	523.036
225.760	523.045
225.890	519.711
226.020	518.593
226.150	519.233
226.290	519.256
226.420	519.613
226.550	519.591
226.680	521.462
226.810	521.369
226.940	520.436
227.070	519.915
227.200	522.316
227.330	522.736
227.460	521.497
227.590	522.009
227.720	523.189
227.850	523.559
227.980	520.935
228.110	521.635
228.240	523.148
228.370	523.088
228.500	521.860
228.630	522.506
228.770	523.385
228.900	521.781
229.030	521.165
229.160	521.409
229.290	524.441
229.420	523.807
229.550	522.864
229.680	523.853
229.810	523.852
229.940	522.838
230.070	520.456
230.200	520.706
230.330	522.137
230.460	521.544
230.590	519.935
230.720	521.507
230.860	520.630
230.990	520.087
231.120	519.464
231.250	519.111
231.380	522.373
231.510	521.069
231.640	521.446
231.770	521.415
231.900	521.419
232.030	523.047
232.160	521.863
232.290	522.654
232.420	524.964
232.560	525.632
232.690	525.915
232.820	524.866
232.950	524.148
233.080	523.720
233.210	521.898
233.340	521.695
233.470	523.412
233.600	523.916
233.730	523.431
233.860	523.850
234.000	524.546
234.130	525.332
234.260	522.616
234.390	522.589
234.520	523.276
234.650	523.542
234.780	522.478
234.910	522.082
235.040	523.433
235.170	523.383
235.300	523.329
235.440	523.537
235.570	526.742
235.700	526.684
235.830	526.216
235.960	526.673
236.090	527.668
236.220	527.208
236.350	524.450
236.480	524.474
236.620	526.734
236.750	525.649
236.880	523.447
237.010	523.705
237.140	524.083
237.270	524.183
237.400	520.897
237.530	521.010
237.660	524.416
237.800	523.717
237.930	522.302
238.060	521.995
238.190	523.076
238.320	523.510
238.450	520.991
238.580	521.679
238.710	523.668
238.840	523.011
238.980	521.505
239.110	521.360
239.240	521.675
239.370	521.275
239.500	519.384
239.630	519.300
239.760	521.399
239.890	520.867
240.030	519.848
240.160	519.818
240.290	520.294
240.420	520.220
240.550	518.859
240.680	519.831
240.810	521.947
240.950	521.268
241.080	521.093
241.210	522.318
241.340	522.523
241.470	521.886
241.600	519.426
241.730	519.177
241.870	522.776
242.000	521.508
242.130	520.916
242.260	521.518
242.390	522.627
242.520	524.131
242.650	520.545
242.790	522.076
242.920	523.209
243.050	523.226
243.180	522.581
243.310	522.731
243.440	523.929
243.570	522.698
243.710	521.124
243.840	521.869
243.970	525.105
244.100	524.648
244.230	523.731
244.360	524.171
244.500	526.639
244.630	526.290
244.760	523.725
244.890	523.914
245.020	526.994
245.150	527.315
245.280	525.967
245.420	525.520
245.550	525.655
245.680	526.059
245.810	523.292
245.940	523.090
246.070	526.265
246.210	525.733
246.340	524.758
246.470	525.076
246.600	526.011
246.730	526.077
246.860	523.360
247.000	524.280
247.130	526.919
247.260	526.341
247.390	525.471
247.520	525.170
247.660	524.398
247.790	523.827
247.920	521.764
248.050	521.621
248.180	523.571
248.310	523.871
248.450	524.478
248.580	525.128
248.710	525.633
248.840	525.171
248.970	522.907
249.110	522.429
249.240	524.061
249.370	523.218
249.500	522.408
249.630	522.520
249.770	522.767
249.900	523.107
250.030	519.647
250.160	520.550
250.290	523.172
250.420	523.068
250.560	522.822
250.690	523.260
250.820	525.743
250.950	525.251
251.080	523.331
251.220	524.137
251.350	525.684
251.480	525.268
251.610	523.843
251.740	523.160
251.880	523.854
252.010	523.283
252.140	521.519
252.270	521.378
252.400	524.109
252.540	524.004
252.670	522.654
252.800	522.833
252.930	523.662
253.070	523.760
253.200	521.310
253.330	521.620
253.460	524.208
253.590	523.978
253.730	524.398
253.860	524.274
253.990	525.471
254.120	525.703
254.250	523.329
254.390	523.170
254.520	525.177
254.650	525.814
254.780	524.854
254.920	525.222
255.050	526.149
255.180	525.883
255.310	523.111
255.440	522.929
255.580	524.672
255.710	524.659
255.840	523.632
255.970	524.437
256.110	525.184
256.240	524.980
256.370	522.745
256.500	522.980
256.640	525.566
256.770	524.632
256.900	524.082
257.030	523.773
257.170	525.067
257.300	524.511
257.430	522.770
257.560	522.891
257.690	525.283
257.830	525.720
257.960	524.452
258.090	524.892
258.220	524.967
258.360	525.247
258.490	523.034
258.620	522.736
258.750	525.071
258.890	525.423
259.020	525.219
259.150	525.971
259.280	526.284
259.420	526.852
259.550	524.650
259.680	524.761
259.810	526.083
259.950	525.803
260.080	524.859
260.210	524.714
260.340	524.993
260.480	525.214
260.610	524.562
260.740	524.195
260.870	527.534
261.010	528.145
261.140	528.732
261.270	529.024
261.410	529.712
261.540	530.677
261.670	528.599
261.800	528.786
261.940	532.054
262.070	530.830
262.200	529.677
262.330	529.759
262.470	530.046
262.600	529.488
262.730	525.409
262.860	525.489
263.000	527.436
263.130	526.761
263.260	525.489
263.400	526.444
263.530	526.902
263.660	527.585
263.790	526.007
263.930	525.393
264.060	527.885
264.190	526.552
264.330	525.857
264.460	525.190
264.590	524.998
264.720	526.489
264.860	524.481
264.990	525.229
265.120	527.399
265.260	528.218
265.390	527.120
265.520	526.840
265.650	527.055
265.790	526.130
265.920	524.415
266.050	523.442
266.190	526.162
266.320	525.546
266.450	523.618
266.580	524.526
266.720	525.272
266.850	525.929
266.980	523.499
267.120	522.886
267.250	526.474
267.380	526.433
267.520	525.184
267.650	525.189
267.780	525.915
267.910	527.145
268.050	525.260
268.180	525.290
268.310	526.591
268.450	525.764
268.580	525.732
268.710	524.522
268.850	525.227
268.980	524.649
269.110	524.190
269.250	524.865
269.380	527.132
269.510	528.088
269.640	526.939
269.780	526.510
269.910	527.521
270.040	527.354
270.180	524.028
270.310	523.387
270.440	525.582
270.580	525.616
270.710	524.842
270.840	524.750
270.980	526.598
271.110	526.963
271.240	524.552
271.380	524.337
271.510	526.282
271.640	526.266
271.780	525.027
271.910	525.306
272.040	526.829
272.180	528.074
272.310	525.791
272.440	526.412
272.580	527.783
272.710	527.772
272.840	526.894
272.980	526.296
273.110	527.132
273.240	526.071
273.380	524.369
273.510	524.296
273.640	525.633
273.780	524.337
273.910	523.228
274.040	523.688
274.180	524.335
274.310	522.893
274.440	520.107
274.580	521.177
274.710	523.309
274.840	522.766
274.980	521.396
275.110	521.387
275.240	522.239
275.380	521.381
275.510	518.452
275.650	518.623
275.780	521.689
275.910	521.826
276.050	521.297
276.180	521.899
276.310	523.494
276.450	522.828
276.580	520.468
276.710	521.608
276.850	522.427
276.980	522.784
277.110	521.783
277.250	523.270
277.380	524.216
277.520	524.916
277.650	524.961
277.780	527.186
277.920	534.368
278.050	538.441
278.180	542.897
278.320	547.878
278.450	554.961
278.580	560.513
278.720	562.999
278.850	567.523
278.990	572.652
279.120	574.941
279.250	575.348
279.390	575.260
279.520	574.020
279.650	573.384
279.790	571.523
279.920	571.949
280.060	576.031
280.190	577.964
280.320	577.977
280.460	578.886
280.590	581.128
280.730	582.671
280.860	579.648
280.990	580.192
281.130	583.657
281.260	583.418
281.390	583.453
281.530	585.052
281.660	587.888
281.800	589.852
281.930	589.524
282.060	593.243
282.200	596.514
282.330	598.566
282.470	599.391
282.600	600.540
282.730	602.568
282.870	605.125
283.000	604.426
283.140	606.668
283.270	612.103
283.400	615.363
283.540	623.153
283.670	647.638
283.810	690.111
283.940	731.852
284.070	772.211
284.210	812.524
284.340	847.858
284.480	863.723
284.610	862.997
284.740	859.119
284.880	849.956
285.010	839.087
285.150	826.898
285.280	813.096
285.410	798.114
285.550	778.487
285.680	760.126
285.820	741.656
285.950	723.098
286.090	703.407
286.220	682.498
286.350	664.762
286.490	651.729
286.620	637.372
286.760	624.743
286.890	615.082
287.020	609.199
287.160	605.220
287.290	600.338
287.430	597.444
287.560	597.308
287.700	594.592
287.830	592.827
287.960	590.673
288.100	591.077
288.230	591.398
288.370	588.879
288.500	590.578
288.640	592.710
288.770	594.267
288.900	592.776
289.040	593.546
289.170	595.316
289.310	595.120
289.440	592.693
289.580	591.377
289.710	594.332
289.850	594.731
289.980	593.005
290.110	591.567
290.250	590.610
290.380	589.795
290.520	585.019
290.650	582.909
290.790	584.382
290.920	583.174
291.060	581.807
291.190	580.426
291.320	578.818
291.460	577.955
291.590	575.089
291.730	574.191
291.860	575.116
292.000	574.024
292.130	572.725
292.270	571.486
292.400	569.595
292.540	568.804
292.670	565.967
292.800	565.752
292.940	567.882
293.070	566.791
293.210	565.691
293.340	565.162
293.480	565.298
293.610	565.211
293.750	563.296
293.880	564.442
294.020	565.510
294.150	566.160
294.290	565.038
294.420	563.786
294.550	563.794
294.690	562.908
294.820	562.453
294.960	562.062
295.090	564.418
295.230	565.285
295.360	564.221
295.500	562.622
295.630	561.946
295.770	561.027
295.900	558.827
296.040	557.713
296.170	559.067
296.310	558.880
296.440	557.819
296.580	557.237
296.710	556.411
296.850	555.729
296.980	552.361
297.120	551.105
297.250	552.558
297.380	552.979
297.520	551.312
297.650	550.983
297.790	551.494
297.920	551.339
298.060	548.482
298.190	545.101
298.330	546.645
298.460	545.506
298.600	543.361
298.730	542.854
298.870	541.879
299.000	543.113
299.140	540.492
299.270	541.027
299.410	544.433
299.540	544.931
299.680	545.691
299.810	546.007
299.950	547.390
300.080	546.987
300.220	545.528
300.350	545.882
300.490	547.136
300.620	546.866
300.760	545.600
300.890	545.665
301.030	545.550
301.160	545.847
301.300	544.593
301.430	544.605
301.570	547.560
301.700	547.869
301.840	547.061
301.980	547.326
302.110	547.938
302.250	548.741
302.380	547.494
302.520	547.796
302.650	550.818
302.790	551.435
302.920	552.662
303.060	553.701
303.190	554.901
303.330	556.102
303.460	555.527
303.600	557.127
303.730	560.823
303.870	562.862
304.000	565.176
304.140	568.774
304.270	572.715
304.410	576.268
304.540	577.845
304.680	581.925
304.820	589.293
304.950	594.141
305.090	600.807
305.220	616.292
305.360	654.096
305.490	717.621
305.630	795.205
305.760	894.420
305.900	1016.494
306.030	1137.221
306.170	1241.151
306.300	1314.036
306.440	1369.520
306.570	1401.338
306.710	1405.079
306.850	1402.393
306.980	1400.315
307.120	1405.877
307.250	1414.891
307.390	1433.623
307.520	1456.127
307.660	1478.985
307.790	1499.100
307.930	1529.139
308.070	1580.016
308.200	1643.379
308.340	1709.465
308.470	1775.109
308.610	1850.510
308.740	1913.416
308.880	1953.180
309.010	1977.325
309.150	2001.522
309.290	2025.605
309.420	2038.668
309.560	2034.773
309.690	2036.254
309.830	2032.384
309.960	2017.289
310.100	1983.943
310.230	1952.358
310.370	1931.103
310.510	1896.834
310.640	1852.421
310.780	1807.396
310.910	1780.447
311.050	1743.627
311.180	1701.239
311.320	1664.348
311.460	1644.442
311.590	1631.391
311.730	1604.777
311.860	1580.963
312.000	1570.920
312.130	1558.045
312.270	1530.909
312.410	1496.147
312.540	1470.144
312.680	1447.360
312.810	1419.210
312.950	1393.379
313.090	1369.904
313.220	1354.100
313.360	1336.459
313.490	1319.314
313.630	1302.260
313.760	1286.031
313.900	1276.142
314.040	1266.391
314.170	1260.340
314.310	1253.051
314.440	1249.060
314.580	1241.326
314.720	1231.652
314.850	1221.093
314.990	1212.162
315.120	1200.854
315.260	1185.917
315.400	1169.289
315.530	1154.120
315.670	1137.740
315.800	1118.211
315.940	1099.952
316.080	1080.101
316.210	1066.129
316.350	1045.585
316.480	1022.580
316.620	1005.459
316.760	990.432
316.890	973.335
317.030	952.263
317.160	936.606
317.300	924.918
317.440	907.741
317.570	889.678
317.710	877.964
317.840	871.355
317.980	861.705
318.120	850.513
318.250	840.601
318.390	831.622
318.520	822.591
318.660	812.103
318.800	804.566
318.930	799.580
319.070	790.869
319.210	782.355
319.340	775.379
319.480	768.141
319.610	761.675
319.750	753.329
319.890	748.198
320.020	742.184
320.160	734.166
320.300	726.032
320.430	721.355
320.570	718.367
320.700	715.500
320.840	712.111
320.980	707.206
321.110	704.631
321.250	698.538
321.390	692.681
321.520	688.906
321.660	686.178
321.790	683.612
321.930	677.847
322.070	672.339
322.200	668.544
322.340	662.865
322.480	656.528
322.610	652.738
322.750	650.429
322.890	648.128
323.020	642.826
323.160	638.004
323.300	636.820
323.430	632.346
323.570	628.439
323.700	626.803
323.840	631.256
323.980	646.906
324.110	667.450
324.250	689.796
324.390	706.919
324.520	720.111
324.660	728.044
324.800	723.911
324.930	711.507
325.070	698.099
325.210	687.843
325.340	678.319
325.480	669.807
325.620	661.207
325.750	652.198
325.890	645.225
326.030	638.487
326.160	632.502
326.300	624.802
326.440	619.456
326.570	618.961
326.710	623.992
326.850	633.074
326.980	640.171
327.120	646.032
327.260	650.594
327.390	649.024
327.530	642.436
327.670	633.151
327.800	623.612
327.940	616.383
328.080	609.955
328.210	605.140
328.350	598.258
328.490	590.677
328.620	587.210
328.760	584.776
328.900	580.151
329.030	575.079
329.170	571.309
329.310	568.448
329.440	565.151
329.580	560.485
329.720	558.197
329.850	559.899
329.990	558.480
330.130	557.138
330.260	555.473
330.400	554.790
330.540	554.671
330.680	549.896
330.810	549.297
330.950	549.611
331.090	548.751
331.220	548.248
331.360	547.646
331.500	549.141
331.630	548.654
331.770	546.604
331.910	546.490
332.040	549.130
332.180	547.956
332.320	546.549
332.460	546.184
332.590	546.410
332.730	546.657
332.870	543.351
333.000	544.696
333.140	546.600
333.280	546.556
333.410	546.105
333.550	545.773
333.690	546.085
333.830	545.120
333.960	542.385
334.100	544.306
334.240	547.206
334.370	548.218
334.510	549.567
334.650	551.226
334.790	554.229
334.920	554.141
335.060	552.835
335.200	553.291
335.330	556.402
335.470	558.300
335.610	559.233
335.750	561.960
335.880	564.899
336.020	568.118
336.160	567.801
336.300	569.910
336.430	574.872
336.570	575.700
336.710	575.273
336.840	574.187
336.980	573.158
337.120	570.299
337.260	563.992
337.390	559.774
337.530	558.246
337.670	554.779
337.810	551.390
337.940	547.916
338.080	545.973
338.220	544.210
338.350	540.597
338.490	539.744
338.630	540.022
338.770	538.322
338.900	536.354
339.040	535.049
339.180	535.617
339.320	534.251
339.450	530.899
339.590	530.406
339.730	531.229
339.870	530.273
340.000	527.696
340.140	527.228
340.280	527.758
340.420	527.699
340.550	525.214
340.690	524.918
340.830	528.201
340.970	528.472
341.100	529.164
341.240	530.770
341.380	532.920
341.520	534.684
341.650	531.901
341.790	531.676
341.930	533.187
342.070	531.670
342.200	530.174
342.340	528.973
342.480	530.035
342.620	531.040
342.750	529.317
342.890	530.140
343.030	533.091
343.170	533.611
343.300	533.291
343.440	532.686
343.580	532.811
343.720	532.817
343.860	530.756
343.990	530.387
344.130	531.751
344.270	532.048
344.410	530.814
344.540	530.196
344.680	529.772
344.820	530.044
344.960	528.343
345.090	528.025
345.230	530.944
345.370	531.312
345.510	531.970
345.650	532.917
345.780	535.497
345.920	535.740
346.060	533.576
346.200	533.791
346.340	535.266
346.470	534.806
346.610	532.734
346.750	532.688
346.890	533.781
347.020	533.670
347.160	531.889
347.300	531.788
347.440	534.629
347.580	534.787
347.710	534.142
347.850	535.385
347.990	536.612
348.130	537.714
348.270	535.013
348.400	535.570
348.540	538.008
348.680	537.638
348.820	536.895
348.960	536.166
349.090	537.671
349.230	537.498
349.370	535.906
349.510	537.621
349.650	540.542
349.780	541.749
349.920	541.065
350.060	541.862
350.200	542.022
350.340	540.285
350.470	537.462
350.610	536.682
350.750	538.292
350.890	538.158
351.030	538.135
351.160	539.084
351.300	539.841
351.440	539.555
351.580	537.879
351.720	538.218
351.860	542.089
351.990	542.526
352.130	544.061
352.270	546.479
352.410	548.116
352.550	549.688
352.680	547.179
352.820	547.484
352.960	549.731
353.100	550.363
353.240	550.595
353.380	550.241
353.510	549.674
353.650	548.937
353.790	545.565
353.930	543.974
354.070	543.954
354.210	542.491
354.340	542.165
354.480	541.823
354.620	541.573
354.760	541.046
354.900	538.864
355.040	538.325
355.170	538.857
355.310	538.179
355.450	536.979
355.590	536.018
355.730	536.196
355.870	536.548
356.000	535.711
356.140	536.841
356.280	540.847
356.420	542.240
356.560	543.499
356.700	545.194
356.830	547.302
356.970	548.753
357.110	546.935
357.250	547.489
357.390	549.707
357.530	547.944
357.670	545.339
357.800	543.174
357.940	541.814
358.080	538.853
358.220	534.039
358.360	532.420
358.500	533.936
358.640	531.587
358.770	530.094
358.910	529.271
359.050	529.419
359.190	528.528
359.330	524.327
359.470	524.749
359.610	525.581
359.740	525.182
359.880	523.988
360.020	523.748
360.160	524.577
360.300	524.271
360.440	521.997
360.580	521.762
360.710	523.732
360.850	523.213
360.990	522.307
361.130	522.374
361.270	522.890
361.410	524.138
361.550	522.084
361.690	523.408
361.820	526.027
361.960	526.195
362.100	525.605
362.240	524.983
362.380	525.520
362.520	525.057
362.660	522.324
362.800	521.035
362.940	523.129
363.070	522.088
363.210	520.667
363.350	520.767
363.490	522.062
363.630	522.247
363.770	519.912
363.910	520.950
364.050	522.949
364.180	522.175
364.320	520.921
364.460	521.019
364.600	521.547
364.740	521.146
364.880	519.037
365.020	518.825
365.160	522.407
365.300	523.296
365.440	523.346
365.570	523.592
365.710	525.461
365.850	526.409
365.990	522.700
366.130	522.301
366.270	525.115
366.410	524.371
366.550	522.936
366.690	523.111
366.830	524.121
366.960	523.150
367.100	520.290
367.240	521.074
367.380	523.641
367.520	523.052
367.660	522.992
367.800	523.823
367.940	524.080
368.080	524.653
368.220	522.527
368.360	521.816
368.490	523.282
368.630	522.669
368.770	522.786
368.910	520.953
369.050	521.028
369.190	522.738
369.330	520.443
369.470	521.495
369.610	522.278
369.750	522.871
369.890	522.684
370.030	520.716
370.170	521.659
370.300	521.837
370.440	520.279
370.580	520.861
370.720	523.296
370.860	525.057
371.000	525.903
371.140	525.827
371.280	526.849
371.420	527.448
371.560	525.390
371.700	525.902
371.840	527.438
371.980	526.975
372.120	526.768
372.260	527.043
372.390	528.402
372.530	528.548
372.670	526.694
372.810	527.560
372.950	529.350
373.090	529.587
373.230	529.558
373.370	529.041
373.510	529.972
373.650	528.301
373.790	527.296
373.930	527.361
374.070	529.097
374.210	528.621
374.350	528.434
374.490	530.592
374.630	530.973
374.770	531.265
374.910	529.099
375.040	530.106
375.180	532.530
375.320	532.543
375.460	532.122
375.600	531.191
375.740	531.590
375.880	530.216
376.020	526.551
376.160	526.179
376.300	528.502
376.440	528.249
376.580	526.454
376.720	526.331
376.860	527.065
377.000	526.018
377.140	522.429
377.280	522.291
377.420	524.939
377.560	526.167
377.700	524.940
377.840	526.015
377.980	527.096
378.120	526.814
378.260	524.730
378.400	524.363
378.540	526.911
378.680	525.719
378.820	525.649
378.960	526.570
379.100	527.183
379.230	526.967
379.370	524.590
379.510	525.269
379.650	527.007
379.790	526.711
379.930	526.158
380.070	526.349
380.210	527.899
380.350	528.239
380.490	525.641
380.630	525.681
380.770	528.528
380.910	528.763
381.050	527.541
381.190	526.705
381.330	527.956
381.470	527.545
381.610	523.692
381.750	522.913
381.890	523.901
382.030	523.491
382.170	522.558
382.310	522.460
382.450	524.302
382.590	524.428
382.730	523.767
382.870	525.129
383.010	527.999
383.150	529.057
383.290	529.044
383.430	530.254
383.570	531.235
383.710	531.344
383.850	528.194
383.990	528.134
384.130	530.315
384.270	529.875
384.410	528.596
384.550	529.128
384.690	529.923
384.830	529.240
384.970	525.760
385.110	525.313
385.250	527.679
385.390	526.274
385.530	526.179
385.670	526.246
385.810	527.363
385.950	527.231
386.090	525.281
386.240	525.345
386.380	526.470
386.520	526.945
386.660	525.679
386.800	526.011
386.940	524.941
387.080	525.059
387.220	523.621
387.360	521.910
387.500	523.695
387.640	522.584
387.780	522.834
387.920	522.231
388.060	522.214
388.200	522.760
388.340	521.357
388.480	521.581
388.620	523.022
388.760	522.576
388.900	522.236
389.040	522.161
389.180	523.025
389.320	523.865
389.460	522.942
389.600	524.121
389.740	526.492
389.880	527.477
390.020	526.236
390.160	526.033
390.300	527.387
390.450	526.584
390.590	524.793
390.730	523.612
390.870	526.383
391.010	526.287
391.150	524.569
391.290	525.386
391.430	525.731
391.570	526.541
391.710	523.983
391.850	523.492
391.990	525.776
392.130	525.293
392.270	524.271
392.410	524.765
392.550	525.472
392.690	525.943
392.830	524.068
392.970	524.511
393.120	527.551
393.260	527.159
393.400	526.730
393.540	526.502
393.680	527.405
393.820	526.604
393.960	524.345
394.100	524.117
394.240	526.216
394.380	525.981
394.520	524.869
394.660	525.912
394.800	525.318
394.940	524.645
395.080	522.893
395.230	523.467
395.370	525.185
395.510	524.383
395.650	524.716
395.790	525.822
395.930	525.507
396.070	524.983
396.210	522.737
396.350	522.797
396.490	525.677
396.630	524.918
396.770	523.919
396.920	524.923
397.060	525.930
397.200	526.442
397.340	523.267
397.480	523.780
397.620	527.167
397.760	526.572
397.900	525.912
398.040	525.218
398.180	526.477
398.320	526.177
398.460	523.205
398.610	522.399
398.750	524.016
398.890	524.043
399.030	522.076
399.170	522.140
399.310	523.252
399.450	523.175
399.590	520.472
399.730	520.510
399.870	522.141
400.020	521.623
400.160	520.911
400.300	521.832
400.440	522.856
400.580	522.588
400.720	521.055
400.860	520.549
401.000	522.398
401.140	521.595
401.290	521.335
401.430	519.885
401.570	521.260
401.710	521.816
401.850	519.599
401.990	519.163
402.130	521.238
402.270	522.516
402.410	521.848
402.560	523.297
402.700	525.560
402.840	527.660
402.980	526.362
403.120	528.384
403.260	532.578
403.400	532.913
403.540	531.373
403.690	531.683
403.830	533.039
403.970	532.071
404.110	528.780
404.250	527.431
404.390	530.282
404.530	530.009
404.670	528.298
404.820	527.664
404.960	527.017
405.100	527.079
405.240	523.506
405.380	521.551
405.520	523.292
405.660	523.204
405.800	522.303
405.950	522.242
406.090	523.227
406.230	523.061
406.370	521.212
406.510	521.577
406.650	523.874
406.790	523.586
406.940	522.965
407.080	523.874
407.220	524.752
407.360	524.696
407.500	522.516
407.640	522.782
407.780	525.075
407.930	525.693
408.070	524.860
408.210	525.630
408.350	527.294
408.490	527.296
408.630	524.961
408.770	524.131
408.920	525.819
409.060	524.118
409.200	523.057
409.340	522.299
409.480	523.620
409.620	524.065
409.770	521.951
409.910	523.281
410.050	525.450
410.190	524.757
410.330	523.942
410.470	523.707
410.620	524.338
410.760	523.566
410.900	520.066
411.040	521.437
411.180	522.511
411.320	521.565
411.470	520.352
411.610	519.516
411.750	520.878
411.890	520.819
412.030	519.432
412.170	520.671
412.320	523.616
412.460	524.790
412.600	524.158
412.740	524.024
412.880	524.928
413.020	524.128
413.170	522.312
413.310	522.324
413.450	524.751
413.590	524.784
413.730	523.341
413.880	523.375
414.020	523.480
414.160	522.467
414.300	520.117
414.440	520.451
414.580	522.218
414.730	521.980
414.870	520.745
415.010	521.743
415.150	522.501
415.290	522.243
415.440	520.514
415.580	521.230
415.720	522.968
415.860	522.125
416.000	521.705
416.150	520.919
416.290	521.296
416.430	519.982
416.570	517.608
416.710	517.569
416.860	519.389
417.000	519.339
417.140	518.511
417.280	519.371
417.420	520.352
417.570	521.099
417.710	517.926
417.850	518.111
417.990	519.367
418.130	518.672
418.280	518.195
418.420	517.115
418.560	518.290
418.700	518.805
418.840	517.938
418.990	519.113
419.130	522.251
419.270	523.155
419.410	523.908
419.560	524.563
419.700	526.074
419.840	525.869
419.980	523.563
420.120	523.527
420.270	524.409
420.410	523.486
420.550	521.831
420.690	522.073
420.840	522.963
420.980	522.568
421.120	520.044
421.260	520.015
421.400	523.029
421.550	522.784
421.690	521.501
421.830	522.033
421.970	524.410
422.120	526.010
422.260	524.663
422.400	526.926
422.540	530.505
422.690	531.549
422.830	531.532
422.970	532.696
423.110	533.225
423.250	532.877
423.400	531.023
423.540	531.268
423.680	532.491
423.820	530.965
423.970	529.127
424.110	527.139
424.250	527.427
424.390	526.559
424.540	522.950
424.680	521.165
424.820	522.462
424.960	521.858
425.110	519.595
425.250	518.410
425.390	518.409
425.530	518.707
425.680	516.288
425.820	516.476
425.960	518.559
426.100	518.744
426.250	518.811
426.390	518.904
426.530	519.807
426.670	519.075
426.820	517.337
426.960	517.117
427.100	518.157
427.240	517.842
427.390	517.040
427.530	516.653
427.670	516.728
427.820	516.080
427.960	514.289
428.100	514.835
428.240	517.523
428.390	517.621
428.530	516.410
428.670	517.628
428.810	519.276
428.960	519.379
429.100	516.631
429.240	517.099
429.380	519.486
429.530	519.300
429.670	518.724
429.810	518.755
429.960	520.386
430.100	520.919
430.240	519.234
430.380	519.551
430.530	521.319
430.670	521.441
430.810	520.228
430.960	519.913
431.100	520.904
431.240	519.490
431.380	517.954
431.530	517.068
431.670	518.673
431.810	519.622
431.960	518.557
432.100	519.898
432.240	519.292
432.380	519.198
432.530	517.349
432.670	515.725
432.810	518.409
432.960	517.908
433.100	516.623
433.240	516.682
433.380	517.420
433.530	518.396
433.670	515.649
433.810	515.667
433.960	519.279
434.100	520.152
434.240	519.219
434.390	519.201
434.530	520.634
434.670	521.167
434.810	518.623
434.960	518.493
435.100	522.112
435.240	522.061
435.390	519.968
435.530	518.924
435.670	519.760
435.820	519.442
435.960	516.285
436.100	515.735
436.250	516.856
436.390	517.208
436.530	516.469
436.680	515.514
436.820	515.583
436.960	515.782
437.100	515.058
437.250	514.741
437.390	516.840
437.530	517.575
437.680	517.125
437.820	517.282
437.960	518.420
438.110	519.315
438.250	516.701
438.390	516.176
438.540	518.948
438.680	518.508
438.820	517.527
438.970	517.633
439.110	518.772
439.250	520.667
439.400	518.127
439.540	518.045
439.680	520.123
439.830	519.455
439.970	518.911
440.110	516.484
440.260	517.641
440.400	517.665
440.540	515.799
440.690	515.930
440.830	516.963
440.970	518.214
441.120	516.382
441.260	516.387
441.400	516.813
441.550	516.773
441.690	516.040
441.830	515.746
441.980	518.814
442.120	519.165
442.260	518.183
442.410	518.145
442.550	519.591
442.690	519.589
442.840	517.165
442.980	517.518
443.130	519.638
443.270	518.998
443.410	517.192
443.560	516.792
443.700	517.283
443.840	516.712
443.990	514.155
444.130	514.993
444.270	517.010
444.420	517.097
444.560	515.692
444.700	515.163
444.850	515.553
444.990	514.679
445.140	512.004
445.280	512.241
445.420	513.652
445.570	513.690
445.710	514.353
445.850	515.247
446.000	515.516
446.140	515.266
446.290	514.055
446.430	514.595
446.570	516.685
446.720	515.774
446.860	516.114
447.000	515.935
447.150	516.914
447.290	516.963
447.440	513.962
447.580	514.043
447.720	515.844
447.870	516.545
448.010	515.641
448.150	516.078
448.300	516.706
448.440	516.178
448.590	513.570
448.730	513.245
448.870	516.869
449.020	516.378
449.160	516.009
449.300	516.656
449.450	517.597
449.590	516.838
449.740	513.205
449.880	512.973
450.020	514.917
450.170	514.678
450.310	513.642
450.460	513.643
450.600	513.676
450.740	512.953
450.890	509.774
451.030	509.041
451.180	511.519
451.320	511.466
451.460	511.565
451.610	512.827
451.750	514.497
451.900	515.806
452.040	513.577
452.180	514.165
452.330	515.388
452.470	514.855
452.620	514.544
452.760	514.196
452.900	514.878
453.050	514.248
453.190	512.962
453.340	512.488
453.480	514.490
453.630	514.446
453.770	513.697
453.910	514.030
454.060	514.766
454.200	514.909
454.350	511.871
454.490	511.423
454.630	512.467
454.780	512.693
454.920	510.643
455.070	511.111
455.210	512.725
455.360	512.786
455.500	512.644
455.640	512.748
455.790	516.346
455.930	516.328
456.080	515.578
456.220	515.663
456.370	517.467
456.510	517.214
456.650	514.591
456.800	514.348
456.940	517.024
457.090	517.047
457.230	513.294
457.380	513.825
457.520	515.019
457.660	515.208
457.810	512.447
457.950	513.195
458.100	517.343
458.240	517.032
458.390	516.792
458.530	516.944
458.680	518.721
458.820	517.577
458.960	515.367
459.110	515.580
459.250	517.118
459.400	518.102
459.540	516.444
459.690	518.034
459.830	519.447
459.980	520.146
460.120	520.583
460.260	520.717
460.410	524.722
460.550	525.830
460.700	525.189
460.840	525.776
460.990	525.124
461.130	524.634
461.280	521.700
461.420	520.117
461.570	521.270
461.710	520.117
461.850	518.941
462.000	518.297
462.140	517.629
462.290	517.494
462.430	515.470
462.580	515.317
462.720	516.843
462.870	516.733
463.010	515.781
463.160	515.946
463.300	516.841
463.450	517.066
463.590	514.916
463.740	515.707
463.880	517.566
464.020	517.197
464.170	515.723
464.310	514.730
464.460	515.612
464.600	515.558
464.750	514.139
464.890	514.255
465.040	517.059
465.180	517.712
465.330	516.840
465.470	516.111
465.620	517.600
465.760	518.511
465.910	516.526
466.050	516.703
466.200	518.965
466.340	519.415
466.490	518.999
466.630	518.630
466.780	519.441
466.920	520.037
467.070	518.339
467.210	518.721
467.360	520.215
467.500	519.405
467.650	517.838
467.790	517.393
467.940	517.196
468.080	516.237
468.230	512.919
468.370	513.257
468.520	515.322
468.660	514.887
468.810	514.079
468.950	514.308
469.100	515.446
469.240	515.069
469.390	512.366
469.530	511.869
469.680	514.079
469.820	513.942
469.970	512.973
470.110	512.017
470.260	512.924
470.400	512.233
470.550	510.511
470.690	509.756
470.840	512.173
470.980	512.488
471.130	511.924
471.270	511.975
471.420	512.451
471.560	512.475
471.710	509.769
471.850	509.753
472.000	511.873
472.140	512.858
472.290	512.038
472.430	512.304
472.580	513.291
472.720	513.854
472.870	512.377
473.010	512.916
473.160	514.565
473.300	514.995
473.450	514.968
473.590	514.691
473.740	514.910
473.890	514.959
474.030	514.146
474.180	513.759
474.320	515.509
474.470	515.777
474.610	515.377
474.760	515.268
474.900	515.305
475.050	515.270
475.190	512.424
475.340	512.299
475.480	514.494
475.630	514.315
475.770	513.614
475.920	513.469
476.070	514.942
476.210	515.410
476.360	514.014
476.500	513.286
476.650	515.847
476.790	518.479
476.940	518.416
477.080	517.806
477.230	518.222
477.370	518.122
477.520	517.171
477.670	516.166
477.810	518.612
477.960	519.101
478.100	517.469
478.250	517.601
478.390	516.132
478.540	514.826
478.680	510.839
478.830	510.351
478.980	511.958
479.120	512.354
479.270	511.805
479.410	511.638
479.560	512.738
479.700	513.139
479.850	511.232
479.990	510.474
480.140	512.819
480.290	512.606
480.430	512.696
480.580	513.009
480.720	513.539
480.870	515.182
481.010	513.420
481.160	514.229
481.310	515.919
481.450	515.916
481.600	515.953
481.740	515.462
481.890	516.050
482.030	515.528
482.180	513.057
482.330	513.229
482.470	514.108
482.620	513.866
482.760	512.005
482.910	512.044
483.060	513.506
483.200	513.528
483.350	512.184
483.490	512.075
483.640	516.241
483.780	516.566
483.930	516.521
484.080	516.019
484.220	516.651
484.370	517.911
484.510	515.112
484.660	515.070
484.810	516.938
484.950	517.711
485.100	518.255
485.240	517.497
485.390	518.611
485.540	519.537
485.680	518.099
485.830	518.485
485.970	521.475
486.120	521.805
486.270	520.656
486.410	520.878
486.560	521.611
486.700	521.604
486.850	518.640
487.000	518.653
487.140	520.802
487.290	520.454
487.430	518.800
487.580	518.261
487.730	518.828
487.870	517.554
488.020	515.072
488.160	514.165
488.310	515.821
488.460	515.213
488.600	513.433
488.750	514.422
488.890	514.832
489.040	514.900
489.190	513.130
489.330	513.165
489.480	515.767
489.630	514.663
489.770	513.999
489.920	514.301
490.060	514.185
490.210	514.364
490.360	512.000
490.500	513.221
490.650	516.272
490.790	515.773
490.940	516.021
491.090	515.343
491.230	517.122
491.380	516.900
491.530	514.574
491.670	515.248
491.820	515.761
491.970	516.764
492.110	514.811
492.260	514.185
492.400	515.038
492.550	514.875
492.700	514.012
492.840	513.283
492.990	516.557
493.140	516.890
493.280	515.440
493.430	515.231
493.580	516.254
493.720	516.218
493.870	513.677
494.010	513.320
494.160	517.333
494.310	517.519
494.450	516.209
494.600	515.988
494.750	516.132
494.890	515.507
495.040	512.298
495.190	512.077
495.330	516.043
495.480	516.689
495.630	515.480
495.770	516.334
495.920	517.347
496.070	517.502
496.210	513.692
496.360	513.026
496.510	514.438
496.650	514.117
496.800	511.241
496.940	510.250
497.090	509.956
497.240	510.104
497.380	508.680
497.530	508.238
497.680	512.703
497.820	513.269
497.970	513.706
498.120	514.256
498.260	515.664
498.410	516.763
498.560	513.910
498.700	514.330
498.850	516.361
499.000	516.338
499.140	515.641
499.290	515.258
499.440	515.981
499.590	516.240
499.730	513.943
499.880	513.754
500.030	515.882
500.170	515.305
500.320	514.733
500.470	514.281
500.610	515.588
500.760	515.379
500.910	513.249
501.050	513.841
501.200	514.040
501.350	513.580
501.490	512.570
501.640	512.002
501.790	512.134
501.930	511.718
502.080	510.546
502.230	511.222
502.370	513.722
502.520	514.316
502.670	513.877
502.820	514.893
502.960	516.108
503.110	515.825
503.260	513.641
503.400	513.454
503.550	515.962
503.700	514.757
503.840	513.432
503.990	513.332
504.140	514.051
504.290	514.745
504.430	512.023
504.580	512.638
504.730	515.779
504.870	515.954
505.020	514.779
505.170	514.093
505.310	515.071
505.460	515.111
505.610	511.679
505.760	511.972
505.900	513.839
506.050	513.713
506.200	513.422
506.340	514.019
506.490	515.189
506.640	514.856
506.790	512.677
506.930	512.536
507.080	514.897
507.230	513.878
507.370	513.652
507.520	513.697
507.670	514.933
507.820	516.022
507.960	512.520
508.110	512.346
508.260	514.824
508.400	514.591
508.550	513.600
508.700	512.831
508.850	514.047
508.990	514.451
509.140	511.247
509.290	511.619
509.440	514.029
509.580	514.181
509.730	513.149
509.880	513.682
510.030	516.051
510.170	516.149
510.320	513.596
510.470	513.306
510.610	514.555
510.760	514.417
510.910	511.583
511.060	511.166
511.200	512.155
511.350	511.697
511.500	510.329
511.650	509.105
511.790	512.434
511.940	511.681
512.090	510.846
512.240	510.711
512.380	512.184
512.530	513.143
512.680	510.061
512.830	510.574
512.970	513.466
513.120	513.703
513.270	513.039
513.420	512.873
513.560	515.563
513.710	516.166
513.860	513.350
514.010	513.810
514.150	516.318
514.300	516.677
514.450	514.291
514.600	514.136
514.740	514.935
514.890	515.331
515.040	512.386
515.190	512.495
515.330	514.568
515.480	514.204
515.630	513.703
515.780	513.444
515.930	514.960
516.070	515.637
516.220	514.699
516.370	515.574
516.520	518.329
516.660	518.732
516.810	518.030
516.960	517.137
517.110	518.188
517.250	518.462
517.400	516.549
517.550	517.009
517.700	521.319
517.850	521.866
517.990	521.428
518.140	522.313
518.290	522.735
518.440	522.260
518.580	518.430
518.730	518.303
518.880	519.392
519.030	517.804
519.180	516.280
519.320	516.793
519.470	516.713
519.620	516.224
519.770	513.740
519.920	513.171
520.060	513.950
520.210	512.270
520.360	510.911
520.510	511.280
520.650	512.710
520.800	511.853
520.950	511.065
521.100	511.822
521.250	514.836
521.390	514.286
521.540	512.370
521.690	513.524
521.840	514.125
521.990	514.214
522.130	511.103
522.280	510.720
522.430	513.730
522.580	513.141
522.730	512.276
522.870	511.084
523.020	512.629
523.170	511.985
523.320	509.172
523.470	508.965
523.620	511.627
523.760	512.124
523.910	510.512
524.060	510.596
524.210	511.550
524.360	512.460
524.500	509.688
524.650	510.317
524.800	513.135
524.950	513.726
525.100	513.084
525.240	513.316
525.390	513.257
525.540	513.366
525.690	510.468
525.840	510.010
525.990	512.151
526.130	511.880
526.280	511.448
526.430	510.282
526.580	510.769
526.730	511.174
526.880	508.315
527.020	507.900
527.170	510.212
527.320	510.410
527.470	510.337
527.620	509.966
527.770	511.642
527.910	511.754
528.060	510.102
528.210	511.206
528.360	513.681
528.510	515.703
528.660	514.980
528.800	514.922
528.950	515.794
529.100	514.608
529.250	512.194
529.400	511.083
529.550	511.669
529.690	512.188
529.840	510.122
529.990	510.717
530.140	512.207
530.290	511.316
530.440	510.155
530.580	509.907
530.730	513.117
530.880	512.807
531.030	510.786
531.180	511.957
531.330	513.195
531.480	512.880
531.620	510.510
531.770	510.843
531.920	513.694
532.070	513.023
532.220	512.070
532.370	512.107
532.520	513.183
532.660	512.938
532.810	511.151
532.960	510.832
533.110	512.499
533.260	512.552
533.410	511.835
533.560	512.047
533.710	512.588
533.850	513.144
534.000	512.736
534.150	512.431
534.300	514.494
534.450	514.414
534.600	514.137
534.750	514.363
534.890	513.656
535.040	514.011
535.190	511.705
535.340	512.058
535.490	513.421
535.640	512.747
535.790	511.980
535.940	511.727
536.080	512.874
536.230	512.075
536.380	509.304
536.530	509.542
536.680	511.205
536.830	510.378
536.980	509.230
537.130	509.354
537.280	510.607
537.420	509.932
537.570	507.659
537.720	509.212
537.870	512.127
538.020	512.525
538.170	511.605
538.320	512.674
538.470	513.952
538.620	513.949
538.760	512.191
538.910	512.731
539.060	513.179
539.210	513.137
539.360	512.753
539.510	513.300
539.660	514.240
539.810	514.016
539.960	514.022
540.110	514.680
540.250	516.816
540.400	516.264
540.550	514.849
540.700	515.595
540.850	517.285
541.000	516.127
541.150	513.833
541.300	512.811
541.450	514.303
541.600	513.197
541.740	510.472
541.890	511.698
542.040	512.047
542.190	512.362
542.340	510.164
542.490	510.326
542.640	513.627
542.790	512.504
542.940	512.008
543.090	512.199
543.240	513.932
543.390	513.916
543.530	510.487
543.680	510.407
543.830	513.099
543.980	512.301
544.130	510.314
544.280	510.286
544.430	511.673
544.580	511.220
544.730	508.562
544.880	508.576
545.030	511.423
545.180	510.816
545.330	510.730
545.480	511.671
545.620	511.735
545.770	512.266
545.920	509.708
546.070	509.785
546.220	511.035
546.370	509.815
546.520	508.755
546.670	508.597
546.820	508.281
546.970	508.535
547.120	506.279
547.270	506.294
547.420	509.407
547.570	509.312
547.720	509.127
547.870	509.271
548.010	510.207
548.160	510.936
548.310	508.312
548.460	507.954
548.610	510.186
548.760	510.431
548.910	510.399
549.060	510.279
549.210	511.602
549.360	512.023
549.510	510.573
549.660	510.889
549.810	513.181
549.960	513.937
550.110	513.723
550.260	515.024
550.410	516.102
550.560	516.159
550.710	514.157
550.860	513.717
551.010	516.281
551.160	515.323
551.300	514.558
551.450	514.670
551.600	515.644
551.750	515.903
551.900	513.604
552.050	514.639
552.200	518.178
552.350	518.923
552.500	517.670
552.650	518.585
552.800	519.112
552.950	518.246
553.100	514.293
553.250	513.124
553.400	515.469
553.550	513.820
553.700	513.239
553.850	513.284
554.000	514.077
554.150	513.967
554.300	511.178
554.450	510.860
554.600	512.022
554.750	511.670
554.900	510.896
555.050	510.316
555.200	510.899
555.350	511.373
555.500	509.182
555.650	508.763
555.800	510.881
555.950	511.360
556.100	510.397
556.250	510.428
556.400	511.148
556.550	511.913
556.700	510.475
556.850	510.942
557.000	513.811
557.150	514.090
557.300	513.487
557.450	512.159
557.600	511.837
557.750	511.167
557.900	508.998
558.050	509.543
558.200	510.277
558.350	511.416
558.500	511.558
558.650	512.887
558.800	513.510
558.950	513.006
559.100	513.460
559.250	514.092
559.400	516.780
559.550	516.102
559.700	516.412
559.850	516.702
560.000	517.742
560.150	517.181
560.300	514.114
560.450	513.767
560.600	514.830
560.750	514.994
560.900	514.102
561.050	515.144
561.200	515.661
561.350	516.315
561.500	515.894
561.650	515.601
561.800	517.292
561.950	515.787
562.100	515.949
562.250	516.004
562.400	515.019
562.550	515.800
562.700	513.055
562.850	513.552
563.000	514.526
563.150	513.704
563.300	513.802
563.450	513.240
563.600	513.164
563.750	513.057
563.900	510.866
564.050	511.483
564.200	512.734
564.350	511.463
564.500	511.176
564.660	512.482
564.810	514.510
564.960	513.661
565.110	512.148
565.260	512.967
565.410	515.062
565.560	513.449
565.710	511.614
565.860	511.664
566.010	512.002
566.160	512.302
566.310	510.202
566.460	509.797
566.610	513.556
566.760	513.695
566.910	513.049
567.060	512.359
567.210	513.203
567.360	515.010
567.510	511.780
567.660	512.096
567.810	513.765
567.970	514.409
568.120	514.509
568.270	513.908
568.420	514.190
568.570	514.052
568.720	512.813
568.870	514.477
569.020	521.097
569.170	526.856
569.320	531.225
569.470	535.341
569.620	539.913
569.770	542.242
569.920	538.898
570.070	536.792
570.220	537.723
570.380	536.412
570.530	534.147
570.680	532.513
570.830	532.006
570.980	529.057
571.130	524.981
571.280	523.755
571.430	525.273
571.580	524.746
571.730	522.948
571.880	523.113
572.030	523.781
572.180	523.579
572.340	520.231
572.490	519.933
572.640	521.360
572.790	521.594
572.940	519.867
573.090	518.880
573.240	519.418
573.390	517.583
573.540	514.657
573.690	512.857
573.840	513.824
573.990	513.027
574.150	511.221
574.300	511.014
574.450	511.127
574.600	510.709
574.750	508.699
574.900	507.590
575.050	509.272
575.200	508.992
575.350	508.451
575.500	509.325
575.650	510.145
575.810	512.134
575.960	510.418
576.110	510.966
576.260	513.387
576.410	513.168
576.560	512.442
576.710	512.127
576.860	513.131
577.010	513.751
577.160	511.561
577.320	512.480
577.470	514.891
577.620	514.620
577.770	514.053
577.920	513.375
578.070	515.489
578.220	514.477
578.370	512.715
578.520	513.599
578.680	516.493
578.830	517.548
578.980	516.088
579.130	515.953
579.280	516.589
579.430	516.901
579.580	514.535
579.730	514.674
579.890	516.593
580.040	516.843
580.190	516.250
580.340	515.237
580.490	515.494
580.640	515.282
580.790	512.975
580.940	513.174
581.100	516.969
581.250	517.450
581.400	516.774
581.550	516.192
581.700	518.013
581.850	518.384
582.000	514.435
582.150	514.685
582.310	516.720
582.460	516.973
582.610	514.909
582.760	514.027
582.910	514.381
583.060	513.704
583.210	511.949
583.370	511.315
583.520	513.999
583.670	515.034
583.820	515.586
583.970	515.995
584.120	517.188
584.270	517.485
584.430	515.469
584.580	515.063
584.730	516.890
584.880	516.847
585.030	516.157
585.180	516.103
585.330	517.317
585.490	518.048
585.640	516.030
585.790	517.006
585.940	520.871
586.090	522.819
586.240	524.180
586.390	527.819
586.550	531.700
586.700	534.927
586.850	535.038
587.000	540.564
587.150	558.078
587.300	630.168
587.460	782.200
587.610	957.122
587.760	1138.218
587.910	1336.176
588.060	1557.571
588.210	1730.955
588.370	1811.740
588.520	1850.115
588.670	1868.469
588.820	1856.487
588.970	1794.228
589.120	1710.625
589.280	1628.141
589.430	1557.654
589.580	1490.957
589.730	1420.690
589.880	1356.278
590.030	1298.186
590.190	1243.150
590.340	1189.035
590.490	1135.430
590.640	1094.107
590.790	1060.410
590.950	1023.507
591.100	988.056
591.250	959.263
591.400	942.953
591.550	923.612
591.700	896.639
591.860	875.634
592.010	859.723
592.160	836.966
592.310	804.142
592.460	770.338
592.620	740.164
592.770	710.053
592.920	677.517
593.070	648.719
593.220	626.357
593.380	605.481
593.530	588.328
593.680	574.059
593.830	563.297
593.980	554.458
594.140	544.601
594.290	538.885
594.440	535.690
594.590	531.354
594.740	527.538
594.900	525.287
595.050	523.998
595.200	522.317
595.350	519.360
595.500	517.725
595.660	519.813
595.810	517.963
595.960	516.965
596.110	516.558
596.260	516.557
596.420	516.631
596.570	512.239
596.720	511.875
596.870	511.740
597.020	510.538
597.180	509.502
597.330	508.706
597.480	509.081
597.630	508.604
597.790	508.248
597.940	509.264
598.090	511.027
598.240	511.401
598.390	511.923
598.550	512.701
598.700	512.315
598.850	511.885
599.000	509.397
599.160	509.684
599.310	510.969
599.460	510.693
599.610	511.040
599.760	511.134
599.920	512.853
600.070	512.601
600.220	510.867
600.370	511.239
600.530	514.960
600.680	514.947
600.830	513.714
600.980	514.130
601.140	514.990
601.290	514.408
601.440	509.849
601.590	510.623
601.750	512.416
601.900	511.575
602.050	509.916
602.200	510.930
602.360	512.185
602.510	511.343
602.660	509.255
602.810	509.954
602.960	512.159
603.120	511.354
603.270	510.093
603.420	510.197
603.570	510.592
603.730	509.760
603.880	507.587
604.030	507.591
604.180	510.643
604.340	509.787
604.490	509.947
604.640	510.382
604.800	511.100
604.950	510.631
605.100	508.070
605.250	508.347
605.410	510.018
605.560	510.242
605.710	509.267
605.860	509.592
606.020	509.951
606.170	510.021
606.320	507.123
606.470	507.044
606.630	509.452
606.780	508.895
606.930	507.470
607.080	507.370
607.240	507.695
607.390	507.560
607.540	504.861
607.700	505.242
607.850	509.134
608.000	510.284
608.150	510.124
608.310	509.703
608.460	511.568
608.610	512.196
608.760	509.483
608.920	508.947
609.070	511.802
609.220	512.235
609.380	511.403
609.530	510.842
609.680	511.683
609.830	512.468
609.990	509.420
610.140	510.643
610.290	514.000
610.450	515.081
610.600	514.125
610.750	514.218
610.900	517.034
611.060	517.108
611.210	513.958
611.360	514.485
611.520	518.478
611.670	520.275
611.820	519.558
611.970	520.112
612.130	522.361
612.280	523.260
612.430	521.838
612.590	521.451
612.740	525.076
612.890	525.328
613.050	524.907
613.200	524.615
613.350	524.532
613.500	524.266
613.660	521.099
613.810	520.458
613.960	521.953
614.120	521.452
614.270	519.940
614.420	519.498
614.580	518.607
614.730	519.086
614.880	517.094
615.040	518.055
615.190	521.925
615.340	522.610
615.500	523.458
615.650	524.719
615.800	525.720
615.950	526.092
616.110	523.225
616.260	523.344
616.410	525.476
616.570	524.406
616.720	524.267
616.870	525.575
617.030	528.419
617.180	528.585
617.330	528.198
617.490	528.253
617.640	531.906
617.790	530.721
617.950	530.226
618.100	530.599
618.250	530.407
618.410	531.664
618.560	528.657
618.710	528.853
618.870	530.088
619.020	530.795
619.170	530.121
619.330	530.802
619.480	532.119
619.630	533.580
619.790	531.290
619.940	532.158
620.090	535.740
620.250	534.968
620.400	534.741
620.550	533.724
620.710	533.935
620.860	532.877
621.010	530.517
621.170	529.646
621.320	530.276
621.470	529.221
621.630	528.299
621.780	527.357
621.930	526.834
622.090	527.031
622.240	525.190
622.400	525.375
622.550	527.430
622.700	527.614
622.860	526.259
623.010	526.287
623.160	527.121
623.320	526.678
623.470	524.682
623.620	524.424
623.780	526.256
623.930	525.689
624.080	524.536
624.240	524.055
624.390	524.691
624.550	524.353
624.700	523.182
624.850	522.767
625.010	524.414
625.160	524.164
625.310	522.613
625.470	522.124
625.620	521.306
625.770	520.831
625.930	518.493
626.080	517.483
626.240	518.297
626.390	518.319
626.540	518.069
626.700	518.245
626.850	518.022
627.000	518.805
627.160	517.248
627.310	517.004
627.470	518.912
627.620	518.414
627.770	518.394
627.930	518.265
628.080	519.053
628.230	519.102
628.390	516.582
628.540	516.398
628.700	518.943
628.850	517.888
629.000	517.106
629.160	516.657
629.310	517.405
629.470	517.573
629.620	515.252
629.770	515.510
629.930	518.110
630.080	516.658
630.240	515.812
630.390	516.211
630.540	516.164
630.700	516.058
630.850	513.137
631.010	514.461
631.160	516.489
631.310	515.198
631.470	513.880
631.620	513.512
631.780	514.909
631.930	513.632
632.080	510.729
632.240	509.926
632.390	512.390
632.550	512.350
632.700	510.165
632.850	511.510
633.010	513.084
633.160	514.239
633.320	511.163
633.470	511.200
633.620	514.108
633.780	512.179
633.930	510.118
634.090	510.336
634.240	510.599
634.390	510.905
634.550	507.853
634.700	508.453
634.860	511.197
635.010	510.132
635.170	510.444
635.320	509.967
635.470	510.941
635.630	510.880
635.780	508.884
635.940	509.308
636.090	510.427
636.250	509.947
636.400	509.664
636.550	510.621
636.710	511.171
636.860	510.993
637.020	509.592
637.170	510.412
637.330	513.366
637.480	512.966
637.630	512.444
637.790	513.051
637.940	515.399
638.100	515.352
638.250	512.394
638.410	511.869
638.560	514.023
638.710	514.079
638.870	512.220
639.020	512.684
639.180	513.313
639.330	514.359
639.490	511.861
639.640	512.038
639.800	514.764
639.950	514.145
640.100	513.277
640.260	513.087
640.410	514.430
640.570	513.731
640.720	510.902
640.880	511.770
641.030	513.797
641.190	513.498
641.340	512.278
641.500	512.595
641.650	512.382
641.800	511.871
641.960	508.956
642.110	508.586
642.270	510.421
642.420	509.515
642.580	509.434
642.730	509.391
642.890	510.600
643.040	510.117
643.200	507.398
643.350	507.778
643.500	509.198
643.660	509.240
643.810	509.171
643.970	509.500
644.120	511.453
644.280	511.395
644.430	509.193
644.590	508.475
644.740	510.373
644.900	510.459
645.050	508.623
645.210	509.153
645.360	509.481
645.520	509.654
645.670	507.112
645.830	507.989
645.980	510.030
646.140	509.224
646.290	508.791
646.440	508.779
646.600	509.927
646.750	508.756
646.910	507.525
647.060	506.833
647.220	510.139
647.370	510.563
647.530	509.721
647.680	510.718
647.840	511.774
647.990	513.485
648.150	511.471
648.300	510.657
648.460	512.726
648.610	512.496
648.770	511.543
648.920	510.759
649.080	510.340
649.230	510.631
649.390	507.950
649.540	507.278
649.700	509.695
649.850	510.248
650.010	510.476
650.160	511.019
650.320	512.123
650.470	512.917
650.630	510.072
650.780	508.940
650.940	510.287
651.090	509.340
651.250	508.746
651.400	508.487
651.560	509.323
651.710	510.166
651.870	508.443
652.020	509.224
652.180	511.352
652.330	510.803
652.490	510.638
652.640	510.676
652.800	511.686
652.950	511.161
653.110	508.200
653.260	508.667
653.420	510.295
653.570	509.274
653.730	507.785
653.890	508.528
654.040	509.321
654.200	509.565
654.350	506.993
654.510	508.784
654.660	512.610
654.820	514.238
654.970	516.398
655.130	518.620
655.280	522.459
655.440	523.885
655.590	522.737
655.750	523.477
655.900	524.866
656.060	523.719
656.210	522.600
656.370	521.514
656.520	521.276
656.680	520.228
656.840	517.853
656.990	517.754
657.150	519.129
657.300	519.357
657.460	518.164
657.610	518.822
657.770	519.871
657.920	519.915
658.080	517.280
658.230	516.635
658.390	518.782
658.550	518.517
658.700	516.508
658.860	516.571
659.010	516.486
659.170	515.317
659.320	513.063
659.480	512.150
659.630	514.950
659.790	513.586
659.940	514.300
660.100	516.513
660.260	516.941
660.410	516.998
660.570	515.077
660.720	515.113
660.880	515.965
661.030	514.384
661.190	512.790
661.340	512.059
661.500	512.441
661.660	512.204
661.810	509.261
661.970	508.013
662.120	509.769
662.280	509.462
662.430	507.439
662.590	508.072
662.750	508.221
662.900	507.713
663.060	505.416
663.210	505.312
663.370	508.087
663.520	506.657
663.680	506.241
663.840	507.422
663.990	508.250
664.150	507.110
664.300	504.687
664.460	505.022
664.610	508.450
664.770	508.247
664.930	508.077
665.080	509.145
665.240	510.020
665.390	510.169
665.550	507.111
665.700	507.297
665.860	509.362
666.020	509.120
666.170	508.080
666.330	508.742
666.480	509.412
666.640	508.544
666.800	507.376
666.950	507.449
667.110	510.018
667.260	508.295
667.420	507.454
667.580	507.864
667.730	507.996
667.890	507.518
668.040	504.259
668.200	504.518
668.360	507.547
668.510	507.760
668.670	506.249
668.820	506.112
668.980	507.740
669.140	509.350
669.290	506.715
669.450	506.115
669.600	509.710
669.760	510.543
669.920	509.567
670.070	508.239
670.230	508.958
670.380	510.735
670.540	507.827
670.700	507.503
670.850	509.366
671.010	510.274
671.160	508.576
671.320	507.668
671.480	508.162
671.630	508.033
671.790	506.311
671.940	506.808
672.100	510.284
672.260	510.161
672.410	509.240
672.570	509.768
672.730	510.561
672.880	511.128
673.040	508.155
673.190	508.037
673.350	510.238
673.510	510.506
673.660	509.938
673.820	509.781
673.980	509.937
674.130	510.185
674.290	509.600
674.440	508.779
674.600	511.708
674.760	511.375
674.910	512.040
675.070	513.480
675.230	513.060
675.380	515.801
675.540	512.923
675.700	512.168
675.850	512.911
676.010	512.252
676.160	512.409
676.320	510.766
676.480	510.641
676.630	510.926
676.790	510.423
676.950	510.847
677.100	512.786
677.260	513.031
677.420	513.902
677.570	514.014
677.730	515.159
677.890	514.634
678.040	512.549
678.200	512.080
678.350	514.236
678.510	514.454
678.670	513.142
678.820	513.597
678.980	514.512
679.140	514.602
679.290	512.626
679.450	512.280
679.610	515.168
679.760	514.958
679.920	513.651
680.080	513.886
680.230	514.355
680.390	514.589
680.550	512.185
680.700	512.208
680.860	515.106
681.020	515.366
681.170	515.165
681.330	515.945
681.490	516.175
681.640	515.893
681.800	512.519
681.960	512.047
682.110	513.070
682.270	512.597
682.430	511.520
682.580	511.489
682.740	511.684
682.900	512.045
683.050	509.980
683.210	510.210
683.370	511.968
683.520	512.246
683.680	512.313
683.840	511.971
683.990	512.218
684.150	511.780
684.310	510.178
684.460	509.695
684.620	511.953
684.780	511.056
684.940	510.420
685.090	509.654
685.250	510.379
685.410	511.080
685.560	507.857
685.720	507.803
685.880	509.002
686.030	509.258
686.190	508.181
686.350	506.564
686.500	507.521
686.660	508.766
686.820	507.153
686.980	506.723
687.130	509.557
687.290	510.315
687.450	510.618
687.600	509.723
687.760	511.506
687.920	512.776
688.070	509.782
688.230	509.385
688.390	512.111
688.550	513.187
688.700	512.583
688.860	512.521
689.020	514.397
689.170	515.549
689.330	512.994
689.490	512.426
689.640	514.084
689.800	514.051
689.960	512.285
690.120	511.899
690.270	512.336
690.430	512.821
690.590	511.595
690.740	512.024
690.900	514.081
691.060	514.936
691.220	514.387
691.370	513.907
691.530	513.585
691.690	514.130
691.840	512.356
692.000	511.380
692.160	514.000
692.320	514.451
692.470	513.721
692.630	511.954
692.790	512.495
692.950	513.248
693.100	510.629
693.260	510.416
693.420	511.723
693.570	512.088
693.730	511.525
693.890	510.291
694.050	510.142
694.200	509.160
694.360	508.589
694.520	509.174
694.680	512.317
694.830	514.029
694.990	513.501
695.150	514.300
695.310	514.791
695.460	514.849
695.620	512.201
695.780	510.626
695.940	511.916
696.090	511.373
696.250	510.230
696.410	509.547
696.570	509.958
696.720	510.469
696.880	508.768
697.040	509.260
697.200	512.015
697.350	511.916
697.510	510.681
697.670	510.540
697.830	512.241
697.980	511.879
698.140	509.616
698.300	510.066
698.460	512.442
698.610	513.304
698.770	513.386
698.930	514.638
699.090	515.573
699.240	515.952
699.400	514.527
699.560	515.289
699.720	518.335
699.870	518.307
700.030	517.585
700.190	517.913
700.350	519.600
700.500	518.573
700.660	515.925
700.820	515.249
700.980	517.771
701.140	516.961
701.290	515.204
701.450	516.016
701.610	515.599
701.770	516.175
701.920	513.029
702.080	513.043
702.240	514.435
702.400	513.747
702.550	512.955
702.710	511.909
702.870	512.946
703.030	512.833
703.190	509.633
703.340	508.573
703.500	509.867
703.660	509.273
703.820	507.149
703.980	507.313
704.130	510.191
704.290	511.466
704.450	509.891
704.610	511.385
704.760	515.201
704.920	514.924
705.080	513.450
705.240	513.046
705.400	513.801
705.550	513.524
705.710	510.667
705.870	510.589
706.030	511.682
706.190	512.008
706.340	511.182
706.500	510.465
706.660	511.930
706.820	512.177
706.980	510.680
707.130	509.772
707.290	512.396
707.450	512.636
707.610	510.751
707.770	510.966
707.920	512.105
708.080	512.416
708.240	509.049
708.400	509.243
708.560	512.616
708.710	512.510
708.870	511.479
709.030	511.396
709.190	512.648
709.350	513.087
709.510	509.606
709.660	509.241
709.820	512.328
709.980	511.645
710.140	511.198
710.300	510.640
710.450	512.817
710.610	512.157
710.770	509.629
710.930	510.170
711.090	513.296
711.250	512.337
711.400	510.713
711.560	512.214
711.720	514.029
711.880	514.782
712.040	512.226
712.190	513.799
712.350	516.608
712.510	516.630
712.670	515.307
712.830	515.164
712.990	515.240
713.140	515.616
713.300	513.549
713.460	512.631
713.620	513.627
713.780	514.045
713.940	513.477
714.090	512.764
714.250	513.627
714.410	514.338
714.570	513.517
714.730	513.344
714.890	516.281
715.050	516.217
715.200	515.443
715.360	516.233
715.520	517.040
715.680	516.882
715.840	515.240
716.000	515.285
716.150	516.354
716.310	515.916
716.470	514.461
716.630	514.647
716.790	513.995
716.950	514.121
717.110	512.764
717.260	512.583
717.420	515.752
717.580	514.561
717.740	514.015
717.900	514.284
718.060	516.204
718.220	516.461
718.370	513.683
718.530	515.235
718.690	518.380
718.850	518.411
719.010	516.361
719.170	515.877
719.330	517.097
719.480	516.648
719.640	513.372
719.800	512.787
719.960	515.616
720.120	515.647
720.280	514.370
720.440	515.572
720.600	516.399
720.750	516.019
720.910	513.410
721.070	514.815
721.230	516.783
721.390	515.875
721.550	515.555
721.710	516.694
721.870	518.038
722.020	517.313
722.180	514.834
722.340	513.767
722.500	514.950
722.660	513.982
722.820	512.759
722.980	512.117
723.140	513.670
723.300	514.043
723.450	513.579
723.610	513.934
723.770	515.668
723.930	515.718
724.090	514.804
724.250	515.546
724.410	515.843
724.570	515.452
724.730	513.360
724.880	513.810
725.040	515.583
725.200	514.323
725.360	514.693
725.520	513.843
725.680	515.450
725.840	513.836
726.000	511.577
726.160	511.518
726.320	510.729
726.470	511.565
726.630	509.993
726.790	510.835
726.950	510.804
727.110	511.902
727.270	511.918
727.430	513.032
727.590	517.036
727.750	517.490
727.910	517.889
728.060	517.751
728.220	518.500
728.380	518.724
728.540	514.950
728.700	514.865
728.860	516.917
729.020	516.396
729.180	515.432
729.340	514.987
729.500	515.227
729.660	514.969
729.820	513.037
729.970	512.605
730.130	514.830
730.290	514.515
730.450	513.414
730.610	514.055
730.770	515.138
730.930	515.814
731.090	513.803
731.250	513.493
731.410	516.728
731.570	516.634
731.730	515.070
731.890	515.275
732.050	515.155
732.200	515.506
732.360	512.867
732.520	513.261
732.680	516.133
732.840	516.275
733.000	515.886
733.160	517.020
733.320	518.616
733.480	518.512
733.640	515.919
733.800	516.341
733.960	519.410
734.120	518.318
734.280	517.127
734.440	516.474
734.600	516.797
734.750	516.057
734.910	512.470
735.070	512.502
735.230	514.346
735.390	513.697
735.550	512.998
735.710	513.019
735.870	514.033
736.030	514.045
736.190	511.672
736.350	512.524
736.510	514.108
736.670	513.789
736.830	512.113
736.990	512.761
737.150	512.877
737.310	513.136
737.470	511.044
737.630	511.615
